"n1";"n2";"m1";"m2";"var1";"var2";"skew";"kurt";"Average_m1";"Stdev_m1";"Average_m2";"Stdev_m2";"Average_sd1";"Stdev_sd1";"Average_sd2";"Stdev_sd2";"Average_skew1";"Stdev_skew1";"Average_skew2";"Stdev_skew2";"Average_kurt1";"Stdev_kurt1";"Average_kurt2";"Stdev_kurt2"
"1";100;100;0;0;1;0,01;0;95,75;-0,000146084162757204;0,0999460263163451;-1,48477879348325e-05;0,00997857246667574;1,00103209208927;0,485197915284596;0,00999288152634186;0,00443202648149482;3,93966139804735;6,0722695881258;3,91234599543112;5,98603538529171;0,00117328723216084;1,0919101097982;-0,00230373468658202;1,08227059477422
"2";100;100;0;0;1;0,0625;0;95,75;0,000278086406207212;0,100068717083729;1,71113352396522e-05;0,0249843735286863;1,00430093426266;0,630131495632243;0,0626470513123591;0,0299444798429449;3,99077092574884;6,15085690805599;3,97477332444688;6,16965591660299;0,00564629797734927;1,10222972844128;-0,00361938453063514;1,10002284376189
"3";100;100;0;0;1;0,25;0;95,75;-3,0225967203593e-05;0,100276362696899;-1,20266433776452e-05;0,0498553827472106;1,00053161517045;0,425874173563029;0,249970749218021;0,104539244257652;3,99599152351984;6,20141180867038;3,94598120336567;6,07148607958296;0,00175510828160183;1,10767539599739;-0,00282413830575627;1,09452540872493
"4";100;100;0;0;1;1;0;95,75;-0,000180830597364578;0,0997333455800474;4,50010438236736e-06;0,099987061632519;0,998444048800664;0,432698070580073;0,999296848913363;0,417476205634235;3,92754327020763;5,96677264915537;3,93933111334956;6,08331187915844;4,24622605561655e-05;1,08368138134271;-0,00290275146558975;1,09121049038807
"5";100;100;0;0;1;100;0;95,75;0,000288626708348391;0,0997263625884942;-0,00212175582610582;1,00065781675035;0,999037487977604;0,433468987930311;100,119562203333;44,4685544059863;3,95452020632999;6,09319556690596;3,983288610985;6,10951169911629;0,00409345437319708;1,09552128061542;0,000844608749399645;1,10083999815785
"6";100;100;0;0;1;4;0;95,75;-7,2829974871671e-05;0,0998083862726611;0,00041596657884204;0,199951976906331;0,999518010493686;0,457813495974941;3,99810498289034;1,63515390043037;3,92448523313163;5,99282124656774;3,95367193277844;6,1009673375265;0,00293218968565318;1,08638318991302;0,00108200362486568;1,09610765565702
"7";100;100;0;0;1;16;0;95,75;0,000218967643787524;0,100224242994333;-0,00240247211353324;0,400532844389965;1,00180023558935;0,463645628102537;16,0336931108559;13,3311958519753;3,98769471089353;6,17132036037737;3,97296541512741;6,1307935267418;0,00373020356151437;1,10333758081197;-0,00745417028772142;1,09918489874808
"8";100;100;1;0;1;0,01;0;95,75;0,999842278723396;0,100147758815384;1,0911662094552e-05;0,010031664599923;1,00142862213172;0,458816672174974;0,0100081481204578;0,00504475179454307;3,9793775309186;6,14923053580458;3,94516472247904;6,14165805514921;-0,000630279986514401;1,10191140441481;-0,00323548808134743;1,09759450426123
"9";100;100;1;0;1;0,0625;0;95,75;0,999901749728043;0,100578074353408;2,48295409406814e-05;0,0249227074753194;1,00080841345446;0,564784350369931;0,0624460879104185;0,0270823696453008;3,92964781715497;6,04961494105356;3,92132201494388;6,00301826742812;0,00102671913114313;1,09042845183656;0,000413110736986585;1,08559144093438
"10";100;100;1;0;1;0,25;0;95,75;1,00040132012106;0,100452153252948;0,000228666485821827;0,0500200686340453;1,00041616445163;0,471985268153486;0,249402894564847;0,0967017517249298;3,94052600031568;6,03210523462695;3,92928390094848;5,98789347002781;-0,00231997327592669;1,0914970935438;0,00623445103429533;1,08730758923469
"11";100;100;1;0;1;1;0;95,75;1,0000455390503;0,0999112595193836;-4,94915926368382e-05;0,100384874674475;1,00066094123782;0,435235397917376;0,998747241909774;0,402864033622848;3,95221986290091;6,14351677970669;3,96092085959498;6,11432660550981;0,00411372802584019;1,09692466668174;-0,000641517879955745;1,09829483481516
"12";100;100;1;0;1;100;0;95,75;0,999874194365326;0,100070423404822;-0,00142047437839156;1,00077111093516;1,00013714068704;0,472149631583964;99,816325234063;40,9404890222315;3,94687842970677;6,03127571726493;3,93340103277984;5,96077565230227;-0,000331338134997244;1,09204111021787;-0,00467446785426316;1,0852484668824
"13";100;100;1;0;1;4;0;95,75;0,999880495397365;0,101003234431652;-8,85241649831043e-05;0,200581558450858;1,02448361122815;8,31485010040463;4,00091927569443;1,85130892347587;3,91627377481878;5,98563404386369;3,96527039641148;6,11960012471625;0,0013355368429587;1,08386355010175;0,000411001038089328;1,09839045381575
"14";100;100;1;0;1;16;0;95,75;1,00034176083054;0,100231383919844;-0,00146444922584299;0,399027212043464;1,00299233391871;0,552732815469962;15,9985436938607;6,24484629227097;3,9595492924707;6,11664015715686;3,95397656939469;6,03330041287008;0,000631234179531474;1,09604436866925;-0,00241856258511024;1,09499911888464
"15";100;100;2;0;1;0,01;0;95,75;1,99968068231968;0,0994673726695362;-3,43376608542277e-05;0,010041474317227;0,998126257191354;0,38351138891179;0,0100121502191701;0,00417951590394948;3,92692189076114;5,97718532332073;3,98911010061171;6,18001931994325;-0,00064661323910398;1,08622210871481;1,93837138468964e-05;1,10689422238629
"16";100;100;2;0;1;0,0625;0;95,75;2,00005043426221;0,100014458571621;-7,82455774331653e-05;0,0250690234734563;1,00031721687971;0,646091583899679;0,0625914284591796;0,0272717182530867;3,93030663492826;6,03734838941638;3,98431331144112;6,20554366729405;0,000481322330854242;1,087140122775;0,000256227248399242;1,10506464022048
"17";100;100;2;0;1;0,25;0;95,75;1,99953646968473;0,100179886536603;-0,000228654383129372;0,0501234458669472;0,997454573555141;0,404806420776029;0,250088577311517;0,101519552797124;3,92059424713216;5,98032784036878;3,97620409769305;6,17910304410851;-0,00409559891672974;1,08445788665434;-0,00189012699065024;1,10358978959774
"18";100;100;2;0;1;1;0;95,75;2,00013385964858;0,0997972939237336;0,000555768420973902;0,0999212640884161;1,00023599828371;0,442464823769144;1,00191718206058;0,49677146727819;3,97570061438775;6,21048455729611;3,97214479915411;6,11261011779448;-0,00310635717371626;1,1032444623505;0,00557194178663796;1,09921119895684
"19";100;100;2;0;1;100;0;95,75;2,00015402089058;0,100236474261258;-0,00380311718639271;0,996548508390051;1,00139348882617;0,442047590886094;99,923232763342;39,1202774102399;3,96329134698582;6,13222917259984;3,96071070577615;6,05261959074926;0,00213225611273383;1,09718227234864;0,00199302550808911;1,09380173196732
"20";100;100;2;0;1;4;0;95,75;2,00019882869648;0,0999039304589121;-7,98990905050956e-05;0,199933172248892;1,00040153398862;0,406272639367916;4,01016347225338;4,04809964342424;3,95658517745008;6,04042123049003;3,9366940574467;6,01056587843149;-0,00141503665653224;1,09381209350868;-0,00105765354196876;1,08921981017354
"21";100;100;2;0;1;16;0;95,75;2,00014811413057;0,100083074189556;-0,00302498509773096;0,399342233774599;1,00123064026274;0,515805800935812;15,982625184638;6,30333258384407;3,94592351667055;6,12454711695638;3,95577051143566;6,04318706911755;0,00234917997428904;1,09368275747181;-0,00546203604338259;1,09217431418839
"22";100;20;0;0;1;0,01;0;95,75;0,000210655092770482;0,0997159172815055;0,000115868652453271;0,0223813675390239;0,998464478272195;0,438541627509773;0,0100005658784444;0,00921586646929969;3,93634039251253;6,05561223216682;1,53366760864939;2,59440431920809;0,00860875523118516;1,08860831146069;0,00119423189067206;0,999281786054787
"23";100;20;0;0;1;0,0625;0;95,75;-6,72624456741501e-05;0,100070882495947;7,20221158303556e-05;0,0558076917398546;0,999552780434074;0,42387410218045;0,0621768882728081;0,0529493542739136;3,9572334584012;6,08398069424753;1,53229273156275;2,60142877773846;-0,00298184602956415;1,09597092537433;0,00399501025643171;1,00006875759385
"24";100;20;0;0;1;0,25;0;95,75;7,18219433581982e-05;0,0999266891346224;-0,000277384861416393;0,111581711964176;0,998955749025376;0,442727561819843;0,25001322522715;0,208040819184154;3,94690813068559;6,02189523997138;1,53285578172066;2,61435288332456;0,00018535012988099;1,08915327388861;-0,000413984963100253;1,00124494808106
"25";100;20;0;0;1;1;0;95,75;0,000223914921305416;0,0999233346123625;-0,00115739148939421;0,223729496594027;0,999064822016232;0,450046125522565;0,99763238881472;0,931323592384755;3,96268018547745;6,11251207883365;1,54536444990199;2,60776521894593;-0,0026701635973753;1,09862747501775;-0,00555894838526777;1,00195152397036
"26";100;20;0;0;1;100;0;95,75;-0,00011661993979404;0,099530162623705;0,00295596092972533;2,24125491052141;0,996880035924331;0,397603335730928;99,9668438547159;86,6026023890423;3,92442012968951;5,99579551720146;1,54233468309693;2,6133219531564;-0,00550291304704948;1,08579632603609;-0,00202431143515009;1,0050276924416
"27";100;20;0;0;1;4;0;95,75;1,64425324543456e-05;0,100010573252211;-0,000225061057525421;0,44729468107101;0,999775911239278;0,416126222729073;4,00181905441439;5,19598084010021;3,96884974685179;6,136852846636;1,54021501312893;2,60632290975106;0,00178970466041471;1,10068972098727;-0,000719782901135692;1,00254422068104
"28";100;20;0;0;1;16;0;95,75;-0,000907205284522657;0,0994484167709319;-0,00120629292090486;0,89270918725098;0,997376089913935;0,416222617057645;15,9781666638589;14,1733104524506;3,92761533420774;5,99614378764628;1,53480170868223;2,60633081501015;-0,00394583803034715;1,08686214009303;0,00267240728473061;1,00167783915729
"29";100;20;1;0;1;0,01;0;95,75;0,999827913471327;0,0999131606297971;-9,02207662661874e-07;0,0223846068013323;0,997747668957093;0,390444810423937;0,0100156597224231;0,0104273944576562;3,96108657850912;6,06766348452076;1,54683865433896;2,61810908179621;-0,000175685674616548;1,09759916787301;0,00185841245124111;1,00496229262902
"30";100;20;1;0;1;0,0625;0;95,75;1,00013662023362;0,100053515635043;-0,000125867447201715;0,0557730551873411;1,00477784175838;1,29378349944756;0,0621942628110852;0,0475897371781355;3,99636695911514;6,17902968162811;1,54060054535975;2,60544039692183;0,00225176109584492;1,10855004215242;0,00214005229419541;1,00243276204967
"31";100;20;1;0;1;0,25;0;95,75;0,999781253780752;0,0999755772994128;0,000118431363230744;0,111918916756925;0,996862837128794;0,372232453893855;0,249633074059573;0,234380315523316;3,9451844369583;6,00443938772995;1,54061533068455;2,60428770663319;-0,000306718461702398;1,09005002567504;0,00263785123142575;1,00228974511533
"32";100;20;1;0;1;1;0;95,75;1,00032062799733;0,10008340954759;-0,00060382721375291;0,225049889229401;0,999812478804378;0,61274039183054;0,998643899377114;0,977027434127779;3,9286496646185;6,0103085952366;1,53851586431236;2,60281434993671;0,000967295657182459;1,08640462936556;0,00155829668473903;1,00186809486017
"33";100;20;1;0;1;100;0;95,75;1,00044619621996;0,100381812840258;0,0122009661475768;2,23862489655609;0,998960544547861;0,444902758732861;99,8316439611509;92,0228655001363;3,93489449232476;6,04810620697455;1,54061576682748;2,61583630489422;-0,00164807486493912;1,09187248986224;0,00138361928005349;1,00300066026919
"34";100;20;1;0;1;4;0;95,75;1,00013724899356;0,100549087558709;-0,00120091497460256;0,447748730442794;1,0043678520433;0,909301711316081;3,99618511378373;3,77209854215654;3,97981697025322;6,26404784008542;1,54179838923329;2,61175240994801;0,00401907356390478;1,10868903588897;-0,00277819116440963;1,00190300663168
"35";100;20;1;0;1;16;0;95,75;1,00009828865245;0,100077708856466;-0,00698401317939436;0,895068804507296;1,0006142077057;0,417353936006952;16,0377183769201;18,9097878900915;3,9932060715767;6,19393517661021;1,53290571573161;2,59967547016517;-0,000242340701258206;1,10723370810364;-0,00810022167615146;1,00058067510275
"36";100;20;2;0;1;0,01;0;95,75;1,99997608475067;0,100141330526498;-5,96870765485936e-05;0,0223998420835036;0,997545218607253;0,391181226363052;0,0100594241496142;0,0126200173376694;3,92416836284796;6,02565926979454;1,54596627942312;2,62149342361437;9,08649151302288e-05;1,08850528676372;-0,000705659113332796;1,00416193125767
"37";100;20;2;0;1;0,0625;0;95,75;2,00030636932117;0,0998682698247024;-0,00024081046325368;0,0560847611786923;0,998629358138672;0,444402822004382;0,062550179624414;0,0522019453817744;3,94955573070561;6,11624768649065;1,54190694800467;2,61970882498363;0,00233913374791028;1,09673343940349;-0,00203068226955168;1,00296643662281
"38";100;20;2;0;1;0,25;0;95,75;2,00048135494984;0,0998560692644048;0,000401182987846114;0,11166927846177;0,998790970117266;0,417463957896087;0,248836439898741;0,211413191355769;3,95496516957039;6,04061394406852;1,52743069789262;2,59494201034837;0,00218240889697157;1,09453117794817;-0,00117372622797596;0,998234282121301
"39";100;20;2;0;1;1;0;95,75;1,99980976323915;0,099787780046021;-0,000331036181392276;0,223490888383681;0,999714607687969;0,416956310115659;0,996559421136586;0,794692913471342;3,94949264708848;6,0639281603534;1,54131381983123;2,59687841477807;0,00277083826168712;1,09303665644278;-0,00105710187722141;1,00043344815769
"40";100;20;2;0;1;100;0;95,75;2,00002077279275;0,099948547836084;0,0157734871628934;2,22636014724941;0,999940471293447;0,412616809462588;99,8746890991245;81,2666769359274;3,94994469146229;6,08951545040076;1,53626922134779;2,59498897383575;0,00409917960575375;1,09226958313369;-0,000324947955015494;1,00002914399998
"41";100;20;2;0;1;4;0;95,75;2,00025038448066;0,0995886534263336;-0,000147706364899394;0,446931362876589;0,999275908214767;0,381929241290322;3,98458461040371;3,71022564634969;3,96316514992018;6,06852446302081;1,5360934121978;2,60199681081639;0,000656256185957865;1,09481002091304;0,00300423384246634;0,999779487330075
"42";100;20;2;0;1;16;0;95,75;2,00001220610489;0,0998472791801805;0,00189402676495476;0,896091694465803;0,99906827270013;0,50908056307001;16,0725394259694;19,8110991501903;3,94311943395359;6,06951906309601;1,55771494121649;2,64095485374616;0,00381098792849227;1,09196274368707;0,00208675439214102;1,00669263056109
"43";100;50;0;0;1;0,01;0;95,75;-7,86195379078013e-05;0,0999680958398516;-5,87299384225512e-05;0,0141430919174547;0,999830299398541;0,445995736085939;0,0100210992290649;0,00961615133107684;3,9713631873943;6,13075300440786;2,79229633718139;4,17585357633241;0,00145896785655304;1,0984205777719;0,000152224383438921;1,0603834958792
"44";100;50;0;0;1;0,0625;0;95,75;0,000167877666416773;0,0996289247171287;-1,47322811569946e-05;0,0353167891288105;1,00025240669698;0,406875465999935;0,0622481296358587;0,0314540526138727;3,97293182906929;6,13395409322227;2,78042141694804;4,15956930011904;0,00472788400011768;1,09969796982048;-0,00538383756767956;1,05609990439172
"45";100;50;0;0;1;0,25;0;95,75;-0,000134836482122378;0,0999788240214858;0,000301169289752364;0,0706450359889669;0,997721241720016;0,378927823551556;0,250289523777634;0,165758570716141;3,94708064381948;5,99730492922131;2,78613906796367;4,17042604301403;0,00140743922841707;1,09007938320132;0,00336448824727149;1,05930500365622
"46";100;50;0;0;1;1;0;95,75;0,000111094854433974;0,100100373876875;0,000269066821043156;0,1416589936154;0,999789800651936;0,423371919320553;0,998017554121686;0,547555495338832;3,94806822031958;5,96423638572546;2,80299257769544;4,17837444644267;0,00413918341128253;1,08935187872885;0,000631843859051285;1,05945543077316
"47";100;50;0;0;1;100;0;95,75;-2,19708146070525e-05;0,0998802172657908;-0,00198597441075328;1,41287019641813;0,999882523311168;0,408644264467244;99,8846156833649;56,5432140999574;3,93789014591206;5,98932940532599;2,78123418241767;4,17185796814313;0,000791959167468141;1,087955063639;0,00329204097322388;1,05793247620598
"48";100;50;0;0;1;4;0;95,75;5,08666312746641e-05;0,0998724915208225;0,000925318720199609;0,282972806792919;0,998321246416744;0,398931271572733;3,9915940992202;2,3821837125325;3,9273512382029;6,0159856294672;2,78039116379138;4,15760722349637;-0,000779912497671094;1,08668176638395;2,19366256161843e-05;1,05761839974513
"49";100;50;0;0;1;16;0;95,75;-0,000550658329262252;0,100048734571521;0,00168176567353149;0,565511919702078;0,999276289585002;0,427104320255224;16,0269837790037;9,5577850640043;3,95161906504038;6,04282107707811;2,79032557422468;4,20312910137006;-0,00425757103398704;1,09316380637744;-0,00495405622952192;1,06088338790316
"50";100;50;1;0;1;0,01;0;95,75;0,999789858744218;0,100210469583707;-9,13804094679913e-06;0,0141400794971787;0,99982199597578;0,423196334848124;0,0100003711578746;0,00579086185979759;3,96729265525254;6,10242802447736;2,78999347128149;4,19816218480673;0,00591622535532289;1,09782868899988;0,000878268287259401;1,06085281594223
"51";100;50;1;0;1;0,0625;0;95,75;1,00017798717818;0,099938116525662;-4,37104777993338e-05;0,0354180891604466;0,999587468210182;0,401864994912902;0,0625846197635422;0,0385856848598509;3,95879963388923;6,12757721010783;2,77859078298843;4,1870120756454;0,00145152277746788;1,09929624507031;-0,000301331660986556;1,05899490684697
"52";100;50;1;0;1;0,25;0;95,75;1,00001363047887;0,0997637314066665;-7,73683225610508e-05;0,0706116020198062;0,998402978048458;0,400812553485899;0,249807846072479;0,143475666338154;3,94006913617794;6,03289156649874;2,77432469780684;4,16404207581288;0,000121275518993586;1,08988206732519;-0,00566647495459272;1,05639241568901
"53";100;50;1;0;1;1;0;95,75;1,00014447005906;0,0998403018285703;-0,000352523990643365;0,140898212291196;1,00070257821601;0,458035085399787;0,995468837983136;0,534848831311281;3,9827532434687;6,11455626953528;2,76244852515337;4,14108392057545;-0,00591253016852429;1,09972325936611;-0,00146526425554016;1,05249331097846
"54";100;50;1;0;1;100;0;95,75;0,999812148919497;0,0997715071094797;-0,002602735496177;1,41807439360449;0,997333952923985;0,395273856370536;100,137846461381;64,7792132420013;3,93335937912455;6,05770474862323;2,79058827321925;4,18279685232156;-0,00407211442743901;1,08954403823524;-0,00159951188924514;1,05875726869809
"55";100;50;1;0;1;4;0;95,75;0,999143553489571;0,0999625636863121;-0,000619591406202667;0,282362317012977;0,998678423640251;0,448691874091359;3,99757713634609;2,64714504886188;3,92599997287165;5,9829380248865;2,78272414223834;4,16675118231343;-0,00568129274701177;1,08726735026348;0,00250319540509282;1,05562055241538
"56";100;50;1;0;1;16;0;95,75;1,00003522129154;0,0994631429477226;0,000136035113776709;0,567848907838522;0,998110479540187;0,485006416673065;16,0477593161345;10,4201585923488;3,93590907753088;5,99724328352195;2,79312786489385;4,22849418166155;-0,0036333905348448;1,0886194870716;-0,0031998143134984;1,06425062437418
"57";100;50;2;0;1;0,01;0;95,75;1,99991115987702;0,0999730172810435;1,54322075466365e-05;0,0141112434366714;0,999117934652487;0,455426208950774;0,0100057630736706;0,011106323015848;3,9295335151352;5,97255570656973;2,7775367543977;4,16262568630386;-0,000451117161415782;1,08476225197083;0,00543838748186101;1,05597388920999
"58";100;50;2;0;1;0,0625;0;95,75;2,00000810426734;0,100236902404751;-4,96394135760836e-05;0,0355020179937532;0,99904054042654;0,384156777320347;0,0624033720015503;0,0343713067187554;3,96087776321553;6,07519623027263;2,78607296956058;4,14214364073907;0,00405289901258501;1,09702244595341;-0,00191726674983262;1,05686224993091
"59";100;50;2;0;1;0,25;0;95,75;2,00018443349198;0,0997591767250556;-0,000102840973460089;0,0708298597155748;0,999455483084516;0,43116332732003;0,250413867812793;0,233676370865453;3,9445773385532;5,97940043576235;2,77403245585109;4,15192377362524;-0,00456677752060252;1,08820641792791;-0,00136425947266777;1,05397097812393
"60";100;50;2;0;1;1;0;95,75;2,00056307937274;0,100256774493827;-0,000312549052758186;0,141831087021247;0,999594125312759;0,39471667364645;1,00025169941454;0,626707952663769;3,95780994044426;6,07609114613135;2,78494701557278;4,16093433929137;0,00270327944713179;1,09578380389313;-0,000633745095271787;1,05985157187916
"61";100;50;2;0;1;100;0;95,75;2,00067953196269;0,100119871128362;-0,00511369790739584;1,41776085613727;0,999933126985789;0,422373202218975;100,409527389582;66,8577839322254;3,99367777479764;6,2035652006069;2,81889897292438;4,23376655688053;0,00117541501457123;1,10669932698083;-0,00134384507258079;1,06728006808528
"62";100;50;2;0;1;4;0;95,75;1,99964688850219;0,10000397359243;0,000812813198440541;0,282484142784384;1,00179276063342;0,440245340264862;3,98671748707063;2,08624080303884;3,97696259488831;6,13283200121559;2,77076663332738;4,14261283489331;-0,00972448269488164;1,10017823600593;-0,00424594507756176;1,05634967338739
"63";100;50;2;0;1;16;0;95,75;2,00003834260326;0,0998340885220646;0,00176102117503243;0,566649804440076;0,999264673257529;0,439305374462466;15,9871225217212;8,75149349056814;3,92539225973443;6,01445053294569;2,78898870127981;4,16031338183095;-0,00170089276718129;1,08642811089113;0,00204597053090675;1,05772494443114
"64";20;100;0;0;1;0,01;0;95,75;-0,000975072398461773;0,22442578781294;1,47757302620959e-05;0,00997703409574084;1,00125029852855;0,84442348532111;0,0100162454283227;0,0050424416889247;1,56710330319482;2,63002505425967;3,94981832778213;6,15494576860804;-0,00107787066303983;1,00951106648677;-0,000124707472635979;1,0966722840261
"65";20;100;0;0;1;0,0625;0;95,75;-0,000113060096546009;0,224216838421728;8,28868795439568e-05;0,0250320568427569;1,00203347116592;1,18383405901181;0,0624486140116525;0,027340148305155;1,54114700136787;2,61029865923433;3,94174602502604;6,05836013933731;-0,00400646020694009;1,00263752486046;0,00148174932446728;1,0924926706698
"66";20;100;0;0;1;0,25;0;95,75;-0,000685578464344263;0,223429139775235;-0,00023374811245638;0,049806954994435;1,00325451531301;0,880098379564149;0,249929674154416;0,105414544103297;1,54693195147343;2,60945549461747;3,96338835726129;6,11416659825134;-0,000936532484406805;1,00367080411869;-0,00250214246360773;1,09727758443862
"67";20;100;0;0;1;1;0;95,75;0,000493370775895222;0,224550161018295;2,01863217556395e-05;0,0997756066853213;0,999341877930698;1,88945896653865;0,997888894285635;0,38463732861292;1,52770314481961;2,58930842161877;3,95145883517186;6,02581518784845;0,00400306503276389;0,997577403643483;-0,00360675539436937;1,09182243130107
"68";20;100;0;0;1;100;0;95,75;0,000607752453511388;0,222940896264589;-0,000998998673024824;0,997541202263549;0,999003028838037;0,866287600475251;99,7863458508048;39,6478214422738;1,53477019821261;2,59652464825777;3,92851537073247;5,99683062425311;0,00791806343132836;0,998946612673026;0,0008395981567351;1,08768854362347
"69";20;100;0;0;1;4;0;95,75;-4,36450150619821e-05;0,223698877047868;-0,000669136481068632;0,200000666592063;0,997251260446582;0,819112726484127;3,99678356586537;1,82477634293746;1,54471506019893;2,61434077518534;3,92053861363786;6,00263870493395;0,00365458833550651;1,00306241565176;-0,00421930405364648;1,08633448424349
"70";20;100;0;0;1;16;0;95,75;-0,000917356289190598;0,223919622352665;0,000438122083799451;0,399575959824441;0,997770021846558;0,789944039963219;15,9896235511364;6,6276381115631;1,53458815113425;2,6089348612822;3,95290128525095;6,06546403732884;-0,0011281940186094;1,00172065101935;0,000895084866195748;1,0949868325552
"71";20;100;1;0;1;0,01;0;95,75;1,00091897986479;0,22550201730923;-7,26442704570214e-05;0,0100153299080411;1,01232029776887;2,72047411448761;0,0100169582285141;0,00469369541314372;1,53710771776649;2,59567995573551;3,95664350834877;6,09233946525686;0,00172474185732467;1,00081890559423;-0,000104012201077548;1,09578143061078
"72";20;100;1;0;1;0,0625;0;95,75;1,00016903609492;0,223135269320268;4,56433918674278e-05;0,0249876754363846;0,997700754927742;0,821848108944348;0,0625172438130268;0,0276659879082223;1,53776064375495;2,61355744202719;3,95495931671507;6,06033414894353;0,00257613326121969;1,00126359079269;-0,00162591260255103;1,09471223494182
"73";20;100;1;0;1;0,25;0;95,75;1,00011985193137;0,223026989634942;0,000105017330725501;0,0497179794222327;0,997674076340369;0,879072675825954;0,25000020886425;0,108287935863989;1,53380656213753;2,61843394036668;3,98441635393746;6,11576947144903;0,000245149134416094;1,00221773003332;0,00373089402128039;1,10194991012525
"74";20;100;1;0;1;1;0;95,75;0,999290858154648;0,223699374502061;0,000193347807831593;0,100054061969648;1,00159592298548;0,903639702382267;1,00055935986362;0,449235239184108;1,54561116072997;2,62046673819774;3,96331546458848;6,10084257401788;-0,00381075363551108;1,00352502174754;0,00375490252229677;1,09809001334865
"75";20;100;1;0;1;100;0;95,75;0,999975622589468;0,222605902350862;0,00113774644800413;0,999913249686305;0,996035877925713;0,861341087774831;99,8024235512168;41,9564711164497;1,53287262902419;2,5903513986694;3,9535852633598;6,10937201679201;-0,000379764999383522;0,996948689171629;-0,00299771059589643;1,09459453671946
"76";20;100;1;0;1;4;0;95,75;0,999007010799083;0,224130745794279;0,000160800906552757;0,199871568899717;1,00053405153791;0,851681749572723;4,00585591056475;1,74972739114881;1,5520673469043;2,61599088650595;3,98944134298402;6,22708662734481;-0,000630815018535275;1,00401370637098;-0,00229983890588873;1,10625034978105
"77";20;100;1;0;1;16;0;95,75;1,0006448795331;0,224132389869989;-0,000686819896994195;0,39909588188201;0,997453788901354;0,943036648560699;16,0599312480496;8,76003648793771;1,52721231305497;2,58435756166375;3,97943732354739;6,13013351404024;-0,00022299700030993;0,997253569615598;-0,00271244165373428;1,10021436012951
"78";20;100;2;0;1;0,01;0;95,75;2,0003515927051;0,224023981389786;4,06444878343983e-05;0,00996893966247817;1,00007150448498;0,926058681262572;0,0100033838926167;0,00443463895019533;1,55024204436385;2,60056982844383;3,95151693371686;6,10413911213945;0,00521339914763711;1,00394183763551;0,00992213097078008;1,0958437344274
"79";20;100;2;0;1;0,0625;0;95,75;1,99937022705363;0,223091179631519;-2,50263443104779e-06;0,0250964151012291;0,997203908339208;0,84688554140905;0,0624717377545657;0,02514531676478;1,53891448333062;2,6028885956187;3,96556239753833;6,00143373877943;0,000471846914984613;1,00114102094061;-0,00707482760690881;1,09327899095682
"80";20;100;2;0;1;0,25;0;95,75;1,99962646080286;0,223453715790401;3,41254066339891e-05;0,0500382503815685;1,00159522409263;0,947280145596461;0,249364367540291;0,100272585120223;1,53889827504782;2,60979490427997;3,91658945932207;6,0000520278469;-0,00148142928336941;1,00163977483216;-0,00142381909964725;1,08463545007163
"81";20;100;2;0;1;1;0;95,75;1,99926645798284;0,223605138338896;-0,000242595801870093;0,0996653180504976;1,00028291714621;0,858515122562809;0,998025574932339;0,395395302984794;1,53629198468555;2,61042323725523;3,92276701997061;5,99426365956777;-0,00546049047004087;1,00049871613138;-0,00343330433460136;1,08602482667874
"82";20;100;2;0;1;100;0;95,75;2,00028658793013;0,224182527053816;-0,00154256713198225;1,00032013226394;1,0045966710609;1,73627013531012;100,029673521479;41,1836829308611;1,54301715358983;2,60874731647887;3,96766051378964;6,08854427602073;0,00440196956049582;1,00281447625844;-0,00241108404591131;1,09926793653034
"83";20;100;2;0;1;4;0;95,75;2,00037451430478;0,223513620670756;0,000209532446546805;0,199604700061352;1,00100953365131;0,965958343474834;3,99324001383542;1,52419475895265;1,53602194154241;2,6041971735317;3,9325167101729;5,9666897650999;0,00161845403473634;0,999898782742709;-0,00370975924910753;1,08529071299183
"84";20;100;2;0;1;16;0;95,75;2,00017835695569;0,222611193290359;2,46097149612535e-05;0,400736206157628;1,001613616555;0,839409616598069;15,9984592825109;6,5337404038944;1,53983937292419;2,61102516520157;3,97282620506197;6,14302394538251;0,00244853897686282;1,00180227203928;0,00456826505255343;1,10125956939882
"85";20;20;0;0;1;0,01;0;95,75;0,00046014931297925;0,222131894081752;-7,57368939710653e-05;0,0223780030845999;0,99918151141578;1,01360300581202;0,00998338948260638;0,00848810866424636;1,53104055425126;2,59435457267299;1,54593710367359;2,62123975838532;0,0014292895594287;0,998679584143325;0,00100880777899084;1,00552824704112
"86";20;20;0;0;1;0,0625;0;95,75;-0,000793268212324076;0,223075667987323;0,000117912908365966;0,0559377593545434;0,999176083978884;0,858750078007881;0,0623030063595832;0,0545976212473134;1,54184085466185;2,61538368886752;1,5310272394151;2,59105393336178;0,0033925173844081;1,00266842886331;5,86425261308027e-05;0,997646504952048
"87";20;20;0;0;1;0,25;0;95,75;0,00134251408752971;0,223225282396438;-0,000236195148104489;0,111200596164657;0,999270100558126;0,943941415846977;0,249529448348894;0,2426322525527;1,54420097408927;2,60533207563945;1,54010252323633;2,59139673819196;0,00517808670934207;1,00244963544221;-0,00428601259596871;1,00093037678566
"88";20;20;0;0;1;1;0;95,75;-0,00144042194018371;0,223529144838389;0,000570932357972188;0,223854488474275;0,999790744932184;0,880148980829232;1,00466866773682;1,21801397517377;1,53444590559316;2,60609455345246;1,5426967157902;2,60598007492027;-0,00613209229633115;1,00093702735361;0,00525834713517107;1,00015959765772
"89";20;20;0;0;1;100;0;95,75;0,000194125501171754;0,223595451453086;-0,00321221935916048;2,23266989794605;1,00239910994514;0,874763307700898;99,5728681570371;82,846677744216;1,54664797932713;2,61976910319263;1,53718849170123;2,59693420324786;0,00495306523697326;1,00463266806928;0,00064935244843864;1,00007024779683
"90";20;20;0;0;1;4;0;95,75;0,000341835938662401;0,225206844299435;-0,000347761569452181;0,447149418567606;1,01198910200463;2,65940924067222;3,99605740641895;3,29368234718905;1,53967157332251;2,61949048983085;1,54488333517474;2,62830376503125;-0,00262561799702894;1,00328682030709;0,00251884719523513;1,00446020645435
"91";20;20;0;0;1;16;0;95,75;0,000547590959715642;0,223088762970573;-1,90743968196304e-05;0,894548523019418;0,995742904594266;0,950976642896994;16,0644872700495;14,3418803735913;1,52252311789299;2,58344721209712;1,55405551301782;2,62207448600298;-0,00081287630390224;0,9959434418837;-0,00198195403092546;1,00698996995441
"92";20;20;1;0;1;0,01;0;95,75;1,00013113158964;0,222880623003599;-6,62199817524844e-06;0,0224408736335139;0,998823868669141;0,820427930753192;0,0100168776381983;0,0115793606175708;1,53165240087025;2,58853222424897;1,55279029572602;2,62120152240811;0,00551423443407737;0,998019994783509;-0,00165836108517909;1,00583366412062
"93";20;20;1;0;1;0,0625;0;95,75;1,00001443343441;0,223460673323179;-7,49376074406191e-05;0,0558090161033599;0,996877068994365;0,832596118213428;0,0623822350867693;0,0531525988170586;1,53351068065208;2,61290083235809;1,54482609665535;2,61715724698675;-0,00130219585744905;1,00093798022774;0,00524640186334162;1,00385438079503
"94";20;20;1;0;1;0,25;0;95,75;1,00068020645925;0,22365873115972;-0,000441996204667758;0,111716752517873;1,00530060725593;0,916929460927288;0,250174120089856;0,223112614043872;1,55602753966191;2,62952106448663;1,54858564894566;2,61519108831152;0,00251452454575615;1,0061426660125;-0,00283737552857123;1,0039327725202
"95";20;20;1;0;1;1;0;95,75;0,999474952085397;0,224215973204203;-0,000574125453943989;0,223798760584478;1,00053377465736;1,7187691415363;1,00359807934255;1,0547126519042;1,52383068932395;2,58328987096214;1,55632310792063;2,62663908606787;0,000146330587883198;0,996158635896646;0,00348017984682101;1,00907448498508
"96";20;20;1;0;1;100;0;95,75;0,999450541911424;0,224268066022337;0,00864923236907807;2,2256784737187;1,00280077337085;1,69110109690844;99,618268349705;82,033252122213;1,54063875474046;2,60433210110111;1,52919809252822;2,59398264315206;-0,00223711311895548;1,00004385772375;-0,00463626646635221;0,999146534502333
"97";20;20;1;0;1;4;0;95,75;0,99934456695753;0,222615260029227;0,00140974259795115;0,443831399813688;0,996921719431502;0,861981485988525;3,98417547094642;3,31639421250411;1,5389291999444;2,60047340866774;1,53782602104699;2,60133295778114;-0,00293783035043882;1,00175892278553;0,00201468471298381;1,0004514558015
"98";20;20;1;0;1;16;0;95,75;1,00055132534695;0,223668090082375;-0,00194387842509389;0,893155747188937;0,999527660863864;0,916128261831378;16,0527984686681;16,0605746856893;1,54172122270481;2,59076940501121;1,54303615285488;2,61495640958764;0,00202309552643935;1,00120967598488;0,00196030425326574;1,00400626418494
"99";20;20;2;0;1;0,01;0;95,75;2,00079382258449;0,22409008098353;-6,4721423989436e-05;0,0224274353352212;1,00107412247698;0,890509379158548;0,0100295693547113;0,00851148027313735;1,53578166023546;2,60269263191489;1,55022000141374;2,62799200604039;-0,0018932620890983;0,998458682337688;0,00329263750166025;1,00629438798976
"100";20;20;2;0;1;0,0625;0;95,75;2,00003647231564;0,224453353274429;0,000243649691468934;0,0561330717236563;1,00406563580286;0,912777089039506;0,0626681478035579;0,0547630100526878;1,54497085108096;2,61263019064065;1,54954512217348;2,62691674517688;-0,00416835032169793;1,00276120665495;0,00539531710629273;1,00529144998958
"101";20;20;2;0;1;0,25;0;95,75;2,00019238342026;0,223277593476528;-0,000382505466042855;0,111858019187673;1,00150180172392;0,911104840313129;0,250467893676755;0,217891791951154;1,53787421459639;2,61545460799611;1,55054890381527;2,61261069354435;-0,00194798119320252;1,0010659895307;-0,00189839751953697;1,00330716504374
"102";20;20;2;0;1;1;0;95,75;2,00024173787809;0,222814678290048;0,000880785426511142;0,22355843586564;0,999813205844187;0,903116854869316;0,99834792728217;0,885004472027861;1,53787931386563;2,58709049462759;1,53314057285933;2,59693027107271;0,00262854194706808;0,998488309536345;0,00182030289948288;0,998257098935771
"103";20;20;2;0;1;100;0;95,75;2,0005348412387;0,224040141849011;0,00296399185359135;2,24537556026802;1,00239861205071;0,903400419324258;100,300729424591;117,736860096853;1,53642113693447;2,61630829062891;1,53163589208741;2,60668514386913;0,00258681619011442;1,00111568373844;0,00108693957023025;0,999289167591378
"104";20;20;2;0;1;4;0;95,75;1,99931078117298;0,224386403254818;0,0011629127592123;0,449124343711642;1,00809789923588;1,28550614307444;4,01120679029498;5,81430178934329;1,55088239783499;2,63245285677101;1,53137296918013;2,60280894144212;0,00198574899486846;1,00793851944608;0,000664517471294907;0,999349969112123
"105";20;20;2;0;1;16;0;95,75;1,99983488921592;0,224213836076719;-0,00192279470278593;0,896401737812554;0,999067595391492;0,835128435137916;15,9790608738908;14,0059289117795;1,53881105994036;2,60860076238265;1,53140520423324;2,59985120311886;-0,0039158026008546;1,00099115695747;-0,0022566502872434;0,999585065626596
"106";20;20;3;0;1;0,01;0;95,75;3,00020387154199;0,222106534424846;6,23839866635364e-05;0,0224963729945236;1,00225230517402;0,833006549888569;0,0100471732694674;0,0093351026677269;1,54016295683297;2,60857877548655;1,54329041943005;2,60762821713406;-0,00198830594632833;1,00006097442885;-0,00116963251388987;1,00245063435151
"107";20;50;0;0;1;0,01;0;95,75;-0,000818064297250653;0,224170847539553;7,4908264886872e-05;0,0141696381647184;1,00327156710155;0,995717467355216;0,0100176973452089;0,00600764238095954;1,56025785801013;2,63747643056227;2,7916897973882;4,19133467632234;-0,00321042767712546;1,01079155113223;0,00597651977187443;1,06092642126149
"108";20;50;0;0;1;0,0625;0;95,75;-0,00014082121443391;0,223975417338837;-4,90966367226515e-05;0,035395437383017;1,00212759857811;0,94202992058759;0,0625554383525902;0,0364159252805822;1,53275226000464;2,60854103782284;2,7937868799126;4,20055115518103;-0,00343653015938221;1,00077638113279;-0,00142227071217403;1,06011450163262
"109";20;50;0;0;1;0,25;0;95,75;-0,000790831714365571;0,223658070058532;-0,000164804006084369;0,0706073460501612;1,00268455788952;0,945842907096846;0,250345167714983;0,151594707606982;1,5418522862305;2,61102928303046;2,77534185449266;4,1763873816447;0,00184660163357792;1,00163209261718;-0,000900308399257773;1,05701974754847
"110";20;50;0;0;1;1;0;95,75;4,6851876260036e-05;0,223114568022925;0,000249661903077172;0,14201427328076;0,99912856648233;1,14042046485377;1,00248432386819;0,620022682556282;1,54491506112849;2,6045523864709;2,80943066813803;4,23622267007035;0,00232459453686516;1,00197456329008;0,00269392293667014;1,0676702515739
"111";20;50;0;0;1;100;0;95,75;0,00159583807925917;0,223201791646272;0,00187410776589408;1,4110861718177;1,00144997420294;0,816118940096937;100,008011201104;69,7733394893402;1,54297319448278;2,61723095562422;2,76781079002357;4,15527594358977;0,00360180711184997;1,00274202281281;-0,000667827849333697;1,05466566300947
"112";20;50;0;0;1;4;0;95,75;-0,000300133064368182;0,2236333822776;-0,000150671852410445;0,283019930090943;0,997006486521025;0,903848683122749;4,01370759649295;2,7065846467216;1,53573019919293;2,5992479660679;2,80869508385696;4,22626913322671;0,00274300268555678;1,00075532654247;-0,000963047251984225;1,06499805550709
"113";20;50;0;0;1;16;0;95,75;-0,000760255698817904;0,223098620955972;0,000500689535080289;0,565032575264658;0,998816851036496;0,870863888710918;16,0076815733355;8,60767902466208;1,5383988195626;2,61440005326584;2,8032556222434;4,22282762111974;0,00281727621721097;1,00327149690766;0,000405771600132598;1,06412068345461
"114";20;50;1;0;1;0,01;0;95,75;0,999115019188903;0,224232424041717;3,35669338637476e-05;0,0141713589095352;1,00512660721649;1,13886500554308;0,0100004898686327;0,00603987225528439;1,54443061272892;2,61582859655071;2,78807474654093;4,15526304819488;-0,000603680478818132;1,00229964309243;0,000892366312911578;1,05813916415989
"115";20;50;1;0;1;0,0625;0;95,75;0,999261270952715;0,222965243824915;-0,000135283778914949;0,0353475328415331;0,999801458723661;0,867816729756118;0,0624076472065455;0,0341271597344189;1,53800655316885;2,6250037875061;2,77350448879917;4,17495942271886;-0,00166555897524971;1,0023630385856;-0,00252463613360091;1,05658042566915
"116";20;50;1;0;1;0,25;0;95,75;1,0007285295626;0,222728209777477;-1,77186118581427e-05;0,0707088099362557;1,00159952572066;0,861182092409921;0,24991024103559;0,140648489685515;1,54262525534933;2,60274638128218;2,79524240065792;4,20787098065983;-0,000454525286904074;1,00190193098879;-0,00128632675563662;1,06226988768579
"117";20;50;1;0;1;1;0;95,75;0,999952565867092;0,223298492333912;0,000767343334535874;0,141109795312405;0,999004070314891;0,92159440057037;0,997060110574415;0,613155574816783;1,53544548372319;2,5990770262905;2,78612679472901;4,14271761041993;-0,000928073648609899;0,998244026745541;-0,000824488100363483;1,05698464478117
"118";20;50;1;0;1;100;0;95,75;1,00066092863607;0,224157066535946;0,00274290708544257;1,40972369058927;1,00104289896705;0,847493353782489;99,8658669159545;53,6542725542894;1,54449735095489;2,61126439495914;2,78822368970196;4,17554456005982;-0,00353125825607336;1,00244209666553;0,00181254948760846;1,05891005095206
"119";20;50;1;0;1;4;0;95,75;0,998819136996386;0,222482505370552;-0,000895285942124676;0,282893952818281;0,99419742838736;0,963991401425084;4,00734875777793;3,35469401019688;1,52913102037501;2,602898453745;2,7760888940409;4,1501901321515;-0,00757158723106026;0,999014699789281;0,00093878245059858;1,05473817282344
"120";20;50;1;0;1;16;0;95,75;1,00015838311938;0,22305885348623;0,00369895445703347;0,565473072283343;1,00131383243941;0,924043967583921;15,9931479307618;8,65936661850588;1,53608413855522;2,62220317494736;2,79006673492312;4,2115954733316;-0,00173269001142207;1,00195338732203;0,00356673241785239;1,06159086279101
"121";20;50;2;0;1;0,01;0;95,75;1,99951309859434;0,225173239449955;3,73071351964433e-05;0,0141469104937724;1,00075904801641;0,980122310539728;0,00999644209997129;0,00547045405541735;1,54309092519364;2,61669867684666;2,78270606034275;4,16515669418622;-0,00316898540041233;1,00417556151913;0,00328110101494512;1,05740906977887
"122";20;50;2;0;1;0,0625;0;95,75;2,00024420408018;0,223027415545009;3,59958452979425e-05;0,0354382038291126;0,997761662339107;0,813081854120207;0,0624445954231043;0,0351211791872323;1,5308635749233;2,59425668966829;2,79957508836188;4,16877356495409;-0,00224126204754484;0,997186632357045;-0,00158974062765644;1,0625578967945
"123";20;50;2;0;1;0,25;0;95,75;2,00082628662878;0,224123233200054;2,26625786765063e-05;0,070576217487749;1,00134610353152;1,13312110104798;0,249783415555344;0,147935446501835;1,54072294234276;2,61317867613716;2,7759813544608;4,18590455335797;0,00592846853528369;1,00167590476751;0,00390942494447132;1,05921619904165
"124";20;50;2;0;1;1;0;95,75;1,99932833631059;0,222834037764727;-6,90884423021585e-05;0,141477365798277;0,997288922456186;0,811115556964538;1,00047233087336;0,558554510864921;1,53642751874927;2,60117051787955;2,78246499930473;4,19100625668657;-0,00500930966173494;0,998805599166494;0,0024020966586223;1,05771414849828
"125";20;50;2;0;1;100;0;95,75;1,99958911999623;0,223534797248656;0,00317395783898835;1,41228416369195;0,997685474646634;0,786341897629037;99,6553258320645;54,333078429368;1,53539772692018;2,60612261314294;2,76800330254693;4,1302510953263;-0,00352530597609786;1,00059920288332;-0,00478817463416577;1,05299247794533
"126";20;50;2;0;1;4;0;95,75;1,99998368330244;0,224666672431976;-0,00112673141827156;0,282383513707033;1,00683108833063;1,11296607900826;4,00016509725876;2,26442099865773;1,53411150994527;2,61230379383036;2,78765730756279;4,19012503398525;-0,00120154103427512;1,00010014152942;-0,00227596210697347;1,0616745414817
"127";20;50;2;0;1;16;0;95,75;1,99932622049477;0,223607632082549;0,00162016226139966;0,565646972080949;0,996683647756821;0,847054526160792;15,986492997397;8,88751433872868;1,53179699207525;2,61177816219463;2,79770146148606;4,20350305709865;-0,00454251432098107;1,00120781009282;-0,00247764949851521;1,06375210756082
"128";50;100;0;0;1;0,01;0;95,75;0,000820514570259065;0,141612495227105;-7,67777414536718e-06;0,0100234759423089;1,00004459306511;0,592419213134602;0,0100071196008829;0,00423717722947237;2,79326636289437;4,19978497914709;3,95931534019219;6,06824675319371;0,00421481207147258;1,06228399520676;0,00450035239571559;1,09576397356032
"129";50;100;0;0;1;0,0625;0;95,75;-0,000369492471843232;0,141100811779779;-0,00012763163696976;0,0249272077443879;0,999920748458334;0,626991055589922;0,0625740034074967;0,0297057602319513;2,77048745400237;4,12805389632157;3,95026400082879;6,13296343629528;0,00210095661292622;1,05315420452121;-0,00523501226443048;1,09666743367409
"130";50;100;0;0;1;0,25;0;95,75;-7,44553879193258e-05;0,141681674121239;-4,37869873338678e-05;0,0499306153424553;0,99941654524008;0,554797402542779;0,250591099016907;0,1547745394521;2,79293625802097;4,21217767493698;3,95265174662291;6,03845405971585;-0,00111696156172272;1,0643362083832;-0,00441016671561593;1,09114546321258
"131";50;100;0;0;1;1;0;95,75;-0,000535544051124643;0,142047728443068;5,94037854549935e-05;0,100046478666487;1,00258339521892;0,641192318565865;0,999702408316806;0,422408635302235;2,80492018789514;4,2115236703634;3,96855495385028;6,03455971655973;-0,00396927322687037;1,06438894043932;0,00725819221516942;1,09464225014091
"132";50;100;0;0;1;100;0;95,75;0,00040810088467332;0,141576348128857;-0,00144014607529148;0,998348379837176;0,996793818059034;0,553384200373389;100,055022785543;39,3535154405141;2,76818403936369;4,13075338785405;3,99224564421038;6,20475180972935;0,00108153245538503;1,05236606046415;0,00422896141054162;1,10762749453321
"133";50;100;0;0;1;4;0;95,75;-0,000573106557770501;0,142056422745843;0,000329029973339239;0,200037144651676;1,00062613189358;0,575847738512143;3,99411573860985;1,62425123423702;2,78681931286661;4,14724749131818;3,96083154941897;6,12830534633035;0,00315070077230574;1,05733759914763;-0,00246503804216148;1,09647630818138
"134";50;100;0;0;1;16;0;95,75;-0,000278704009114979;0,141711529409923;-0,00184462353885799;0,400741962756158;1,00195005033904;0,891376840451663;16,0293697429776;9,20022422744653;2,77682113656115;4,16596987430419;3,97323015927736;6,09635515435154;0,00103736077535259;1,0567374675484;0,00357529453068788;1,10012345479519
"135";50;100;1;0;1;0,01;0;95,75;1,00057230140381;0,141077723402025;-1,62737318280905e-05;0,0100014243612476;0,998178546092958;0,683696841391245;0,00997716322742207;0,0038725511941202;2,77109283163002;4,13852951875348;3,91223575850024;5,99232858253832;0,00429888417265609;1,05314213999971;0,00492629766403749;1,08312241351119
"136";50;100;1;0;1;0,0625;0;95,75;0,999829375233942;0,141839938406622;0,000117710966053729;0,0250161473884204;1,00079632787111;0,723516405127676;0,0624778570804205;0,0272115168778104;2,78307130085982;4,15955527629526;3,95321023248544;6,0282041116299;-0,00446101651568716;1,05680565571552;0,00545767344276386;1,09147647210422
"137";50;100;1;0;1;0,25;0;95,75;0,999021739570617;0,142196551854659;0,000252223501627983;0,0500214582961031;1,00715382562875;1,08443216587081;0,250565885994276;0,134937896697373;2,80415356063052;4,24337898471433;3,97528360499885;6,15302527194579;-0,00535676656589224;1,06709120098269;0,00266214517738594;1,10067126970581
"138";50;100;1;0;1;1;0;95,75;0,999213103641088;0,141188809132234;0,000586300931494101;0,100045090012834;0,996532573840515;0,609956551618471;1,00218018300522;0,504297278431484;2,77190936348191;4,1506476135581;3,97255864151176;6,13521186270436;-0,00627608252542295;1,05533259844257;-3,21725397973613e-05;1,09895405136751
"139";50;100;1;0;1;100;0;95,75;1,00030453169017;0,142110060614473;-0,000408957584571245;0,999314624032921;1,00425917114092;0,629066530141428;99,8672148977025;39,1072808640817;2,81184281072407;4,25290433886987;3,93808199478621;5,96218801321716;-0,00168106246267136;1,06582264077886;-0,00100105142304605;1,08785512439721
"140";50;100;1;0;1;4;0;95,75;1,00061543589931;0,141134120463271;-0,000551615716899962;0,200133703705588;0,998666510127955;0,663900839857013;4,00211535352607;1,64158583389348;2,77507988899484;4,1402924421607;3,97640850171332;6,14550715829239;0,000340588863514338;1,05643555227323;9,02728233291335e-05;1,10183454547398
"141";50;100;1;0;1;16;0;95,75;0,999700683400057;0,140915726005139;0,000438861321858688;0,399737416681551;0,999028560373098;0,554540824238337;16,0140412028555;11,6676608025771;2,77917762058943;4,15656335445769;3,95693628349809;6,1087541826022;-0,00186655781486519;1,05556659635195;-0,000647057726363513;1,09680509655813
"142";50;100;2;0;1;0,01;0;95,75;2,00036133453736;0,141379219800288;-2,73947875368524e-06;0,00999335926626259;1,00196157916703;0,636370245471927;0,00998306852868218;0,00411736954556907;2,78772819278328;4,18871917995987;3,95068037385639;6,04378242735369;-3,90957534693537e-05;1,05978559162346;0,000324668005781389;1,09332574179541
"143";50;100;2;0;1;0,0625;0;95,75;1,99983734574956;0,141316387049024;8,18327987497038e-05;0,0249388445554349;0,997452464003638;0,633993376326107;0,062508031880359;0,0308639786806456;2,75703233077974;4,13854870305564;3,93139189321035;5,98019305948971;-0,00218689104276243;1,05110809158218;0,00100200468016405;1,08473830090175
"144";50;100;2;0;1;0,25;0;95,75;2,00040620627509;0,140538061003879;0,000141238617295762;0,0498256884335308;0,996875947124066;0,596016745437664;0,249630660821879;0,0996156864398953;2,76661198217975;4,11221407699506;3,95095730709608;6,06875152882159;0,00351030676678738;1,05048910817136;-0,00022357071291183;1,09537636004984
"145";50;100;2;0;1;1;0;95,75;1,99932659888127;0,141725833507176;8,22179650437816e-05;0,0998307126214162;1,0013794022622;0,783980487867611;1,00056228439184;0,427480095154814;2,77648307005647;4,1961735510208;3,95642340743106;6,03214821062892;-0,000661551017731889;1,06086200743099;-0,00279160824297518;1,09199387912543
"146";50;100;2;0;1;100;0;95,75;1,99911648227847;0,141697990448519;-0,00144643826099937;1,00282532425307;0,998209527951131;0,549255643709957;99,8070858466006;40,4812395851501;2,77658242416305;4,15629434433593;3,93481236768654;5,94821396774832;-0,00112268048874608;1,05677018664046;0,00213431500570278;1,08453635857051
"147";50;100;2;0;1;4;0;95,75;1,99949919295554;0,140936136972226;2,65950696342145e-05;0,200296002820139;0,997844697365145;0,545984948427368;3,99800632532047;1,65121838769825;2,75833460346875;4,1215187802271;3,95747369287055;6,07132942886291;-0,000996502293465342;1,05142386430325;0,00209115629703489;1,09568463568258
"148";50;100;2;0;1;16;0;95,75;2,00031532615986;0,141202575448918;0,00145901280268218;0,401304340831122;0,995109531424753;0,516482426560998;16,0381013193819;6,92382652483;2,75477356367278;4,11272367751405;3,97772415110078;6,1987560798;-0,0046510662749992;1,04914613806307;-0,000135804159958102;1,10316100869726
"149";50;20;0;0;1;0,01;0;95,75;0,000429885054204423;0,141180197896538;-5,60838049642225e-05;0,0223634409956772;1,00175943802635;0,578960889716073;0,0100034725600049;0,00951936409305399;2,81711796579576;4,23867353397268;1,53813781921265;2,59983177411485;-0,000223102280451551;1,06796604716794;-0,003693998722298;1,0004203870222
"150";50;20;0;0;1;0,0625;0;95,75;7,78811571773119e-06;0,140793225686418;0,000320214034075789;0,0555556184461915;0,995324768180732;0,563267077499898;0,0626228759541305;0,0665172017309583;2,76431058973444;4,12316603770239;1,54227043180107;2,60890998554382;-0,00620537411605716;1,05212899440878;-0,00134843140832921;1,00188526193671
"151";50;20;0;0;1;0,25;0;95,75;4,52530499832415e-05;0,141407604276228;0,000533754441598761;0,1123811845083;1,00351333390726;0,709966667585194;0,251131946058552;0,319133128225767;2,79444190049953;4,21049933918238;1,54484034658882;2,60814077351773;-0,000955890778502865;1,06114183733165;-0,000352775712014635;1,00341662631361
"152";50;20;0;0;1;1;0;95,75;0,000228920794718891;0,141293247737812;-0,000897133934496011;0,22317870593982;1,00279737143728;0,856867602053276;0,999100712408594;0,933341040607881;2,76886562284076;4,15562543195157;1,54079007797746;2,60716585642432;-0,00195594372764386;1,05419681432713;-0,00194429024502863;1,00068359544174
"153";50;20;0;0;1;100;0;95,75;0,000666139932148945;0,141349009929846;-0,00531831036939835;2,24187062153649;0,997712608111081;0,551360147873808;100,147935713052;90,1905378578219;2,78736995398777;4,18379305167875;1,53587963049692;2,60720545783094;-0,00215509543475092;1,05917661550026;-0,00344875510158997;1,0015953504697
"154";50;20;0;0;1;4;0;95,75;-0,000886689184209429;0,141418941940795;-0,000823450315639794;0,446267534894843;1,00087140375998;0,562471331120073;3,97587409577943;3,14400388430412;2,80144103750504;4,21721156288891;1,52350350424437;2,59128459090799;-0,00484667643643267;1,06321507066981;-0,00102338376377536;0,997474890661105
"155";50;20;0;0;1;16;0;95,75;0,000159870172864881;0,141726768686557;-0,000369426959557631;0,893644063563538;0,99869491696814;0,560469026991178;15,9557434343486;13,3671254084437;2,7726612090898;4,14385711824212;1,54392652811423;2,61898739839438;0,000819201967761546;1,05394669192698;0,00113316933854556;1,00507324739758
"156";50;20;1;0;1;0,01;0;95,75;0,999851186188024;0,140883080092374;0,000101387681513238;0,0222918960401668;0,997300779107145;0,518742739007454;0,00992860051188662;0,00781878906094638;2,762373553067;4,14228757835896;1,53608372984947;2,5966435098973;-0,00289072706625319;1,05245759678705;0,00621455826253281;1,00231094376585
"157";50;20;1;0;1;0,0625;0;95,75;1,00005233723987;0,140819265557945;-6,67985446498251e-05;0,0559489084419008;0,997672592614969;0,570681802277305;0,0625063085944192;0,0692154863905949;2,78500814680515;4,18434996049149;1,53424029859635;2,58656799366059;0,00524505463537126;1,05979829917683;0,00422634757809063;0,997396403154065
"158";50;20;1;0;1;0,25;0;95,75;1,0005323403133;0,141847698108728;0,00013554669088136;0,112015656222961;1,00033411235417;0,639864867732021;0,250862458470265;0,248789761331226;2,77556781996243;4,17233461367161;1,55124773969099;2,62412879775237;0,00555215363400615;1,05512406548349;0,000219346078093325;1,00445581486552
"159";50;20;1;0;1;1;0;95,75;1,000356476374;0,141753790065798;-0,00135955987415342;0,223477796409225;1,00204418132912;0,647498220839469;1,00254892445198;0,927549900915682;2,78770477162785;4,16624529895842;1,53859332798368;2,60986127857989;0,00681028155141931;1,05897687772473;0,00237363569155657;1,00374228074487
"160";50;20;1;0;1;100;0;95,75;0,999786461169015;0,1409857750041;0,0120368873616525;2,23727846857058;0,995320579359361;0,499618948436543;99,5297927872548;80,6546928309957;2,7746302071055;4,12245760052827;1,54235119321473;2,61303764054607;-0,00425965660291254;1,05472634330288;-0,000806209276887966;1,00211851747979
"161";50;20;1;0;1;4;0;95,75;0,999831434748237;0,141721956181922;-0,00173283465225224;0,44815338970675;0,99949231206094;0,592674976110803;4,03500568391849;5,09801862099632;2,75846357751705;4,14783618196741;1,54595304532915;2,63552276873684;-0,00391637527330176;1,05123210646128;-0,00223233366081104;1,00563531241088
"162";50;20;1;0;1;16;0;95,75;1,00005531104982;0,141516378708482;-0,00210501448216839;0,89813645680542;0,99846526550013;0,62173249567179;16,1035209705649;14,1194479487799;2,77225652558255;4,15604511062627;1,55458606802114;2,63345362978339;-0,00319039012956866;1,05496145442414;0,00136991457106335;1,00639404333692
"163";50;20;2;0;1;0,01;0;95,75;1,99987991331626;0,141719774496164;8,45228079918424e-05;0,022284736792417;1,00151118935258;0,651800643494306;0,009984619953954;0,00869205226189674;2,78336826961185;4,17775459699796;1,54070321478411;2,61480699126121;0,00394265069696783;1,0597664244129;-0,000665304916469995;1,00147144876319
"164";50;20;2;0;1;0,0625;0;95,75;2,00010739975009;0,141455686659783;0,000156354510062285;0,0560002435632069;0,998392773264304;0,659308678457519;0,0624298131789063;0,0728478509681721;2,77027894692895;4,16348705708461;1,53283674193719;2,59778984704404;-0,000208795317413125;1,05570577271623;0,000774205861090025;0,998533531044124
"165";50;20;2;0;1;0,25;0;95,75;1,99922718338168;0,141381548610581;0,000249563374583432;0,111680113477565;1,00131013656381;0,575756380068175;0,249517229281327;0,19675721779755;2,8149390662636;4,21829827959095;1,56082598362377;2,62525403069489;-0,00122375830750592;1,06741446866212;0,00531208224286381;1,00617937520548
"166";50;20;2;0;1;1;0;95,75;1,99977338663686;0,141448068517753;-0,000914177488676715;0,223765387503906;1,00306436895594;0,657980753821133;1,00214027233603;0,876583079304222;2,78155663809069;4,17697687145134;1,54067748573309;2,60665089737864;8,12812821158067e-05;1,05915124073912;0,00393195933900299;1,00215315199224
"167";50;20;2;0;1;100;0;95,75;2,00018565836727;0,141454229405354;0,00349833635312364;2,21929523565019;1,00143822772706;0,606488444372824;99,590207021126;93,8480967008556;2,79684869647748;4,20461791516348;1,52986826514875;2,57552841618649;-0,00104126154350274;1,06317044321277;0,00532173231881241;0,996934532608565
"168";50;20;2;0;1;4;0;95,75;1,9999734867521;0,141705062736192;0,00031409862008112;0,448250533756315;1,0014324623039;0,586946138046627;4,00551102189117;3,95415058102701;2,78931112495708;4,1601132485801;1,53628834973563;2,60848077122116;-0,00158094970785891;1,06032828306665;-0,00404025451402929;1,00070160184183
"169";50;20;2;0;1;16;0;95,75;2,00060342729833;0,141233603307103;-0,00241627140419431;0,892451995731231;1,00004421595221;0,56370269934278;15,9121544646886;12,8113827538355;2,7813628844716;4,19448627426311;1,52999155394513;2,58951551201467;-0,00514962823304459;1,05860044557854;-0,0026418389844637;0,997367450999997
"170";50;20;3;0;1;0,01;0;95,75;2,99935194486794;0,140456169717828;-2,54266771557149e-05;0,0223760184212311;1,00018189587235;0,562646254813596;0,00994966450376595;0,00815282239695253;2,79606066367398;4,21080504613613;1,5248961653995;2,57798874276754;-0,00637514134153319;1,06352404560455;-0,00429322334635806;0,996057391958697
"171";50;50;0;0;1;0,01;0;95,75;-0,000172562283651348;0,14128326982157;-4,35042918230419e-05;0,0141120736054257;1,00154943677756;0,688840719952206;0,0100022486210919;0,00562525687856231;2,77744880521297;4,17968103367274;2,79779032927724;4,18189998650974;0,00139473250976547;1,05737398065488;0,000412657466408668;1,06085283390664
"172";50;50;0;0;1;0,0625;0;95,75;-9,08087814627585e-05;0,140739303193554;-0,000123654159166875;0,0353578734602901;0,998559383757712;0,580588473221088;0,0622137356217335;0,034290842444757;2,77410263010428;4,12625775458627;2,75538515497822;4,05770066123103;-0,00211868463709506;1,05493576250269;-0,000249770126211041;1,04503424536989
"173";50;50;0;0;1;0,25;0;95,75;-5,30645030369922e-05;0,141394521144533;0,000164815106024032;0,0706248701946917;0,997167818170829;0,562189946617439;0,249939300864536;0,155702060091565;2,76867031529882;4,15630487989981;2,78074288026769;4,17021925531349;-0,000782170518580198;1,05348178616246;0,00514039902504387;1,05795876359003
"174";50;50;0;0;1;1;0;95,75;-0,000255833443963924;0,141302794969044;-0,00025344336578865;0,141104121879327;1,00056871788183;0,559734929926629;0,996214978622396;0,526418446219465;2,78007693703406;4,19425770668306;2,77528508467267;4,15649796356201;-0,000909194016550598;1,05944636710611;-0,00409329832414108;1,05720366682535
"175";50;50;0;0;1;100;0;95,75;-0,000588940627341186;0,141661291168817;-0,000831781570551232;1,4229844077498;1,00228962442935;0,800005306769574;100,447315269092;59,2712499773856;2,79273031339169;4,17179782871791;2,79695129603333;4,21178009172721;0,000458256384156683;1,05864846734315;-0,00418964037232993;1,06235451171786
"176";50;50;0;0;1;4;0;95,75;0,0003638949108472;0,141430015027121;0,00133480180513009;0,283443056022431;0,999894428616129;0,701742625699999;4,01018044196885;4,22478015506716;2,78853792806496;4,204431234063;2,80017082422056;4,16579189393266;0,00669442246619661;1,06150338404665;0,00750423901144511;1,06031866499459
"177";50;50;0;0;1;16;0;95,75;0,000747919449615374;0,141999511057405;-0,000821921173734025;0,566641659765107;0,997697249733921;0,722871487813191;16,0560253933208;10,9469299491402;2,76765035989398;4,13704993192159;2,81026821804705;4,2144920043479;0,00341139383458931;1,05512613000397;0,00114975037098319;1,0656574941749
"178";50;50;1;0;1;0,01;0;95,75;0,999467375299819;0,141761433887432;-4,74953106688611e-06;0,0141367735715131;0,99963351927588;0,552357555626186;0,0100206770408305;0,00632002490792102;2,78977729207513;4,17168178965378;2,81147325175156;4,22547695870145;-0,00186093902943308;1,05985169157056;-0,0041657933541338;1,06681929843572
"179";50;50;1;0;1;0,0625;0;95,75;0,99968009067995;0,141188871803952;-7,22039771571729e-05;0,0352632944158268;0,999223776697051;0,545571662467057;0,0624998195932316;0,0346585790703778;2,78188568064015;4,1740276548572;2,78758545345069;4,17634644013705;0,00216744865512026;1,05893760366008;0,00625430190429089;1,05999886516938
"180";50;50;1;0;1;0,25;0;95,75;1,00011095519279;0,14134547573813;0,000407106085268077;0,0706449914723317;0,997094541893114;0,627271656678861;0,249979152588921;0,16113838513176;2,77337410443978;4,12959164822154;2,78925052427646;4,16735452546878;0,000456601670168083;1,05236530031266;-0,00447170393029887;1,05838015855063
"181";50;50;1;0;1;1;0;95,75;0,999184688382443;0,14056397396445;-0,000120833638445473;0,141144322784606;0,997550357525995;0,554256620077946;0,998023654212727;0,565197641341844;2,77812104919063;4,1454810076343;2,77348073768363;4,15912597216198;-0,00313392725411333;1,05444316872047;-0,00184718523480027;1,05592120586312
"182";50;50;1;0;1;100;0;95,75;1,00029550462033;0,141791874772104;-0,0027548641445948;1,41882946112915;1,00064018729775;0,667931330236245;100,56486006074;95,3439156660435;2,78781825873977;4,18889828533564;2,78659176407232;4,21082235496628;0,00436387905191384;1,06088754310321;-0,00173441030553099;1,06318456853
"183";50;50;1;0;1;4;0;95,75;0,999793104697885;0,141542827117698;-0,000280584599031584;0,282152460542355;1,00159769969417;0,59783321265945;3,99395173740962;2,29658911530019;2,80179964665216;4,20050445372489;2,764405658277;4,16992930141064;-0,000285029564683468;1,06415393106487;0,00168928564210137;1,05521968038208
"184";50;50;1;0;1;16;0;95,75;0,999779646419228;0,142137601820177;-0,001037423953344;0,565918193415319;1,00293606031105;0,617566016838187;15,9723516493206;9,53964154390498;2,80406223394988;4,19165969600911;2,76848544239288;4,1479738542088;-0,00225252051323918;1,06387538107584;-0,00137503706813189;1,05458839847968
"185";50;50;2;0;1;0,01;0;95,75;2,00040767125933;0,141742158888889;-4,71923655220303e-05;0,014184211041224;1,00433430634226;0,661232108038537;0,0100355717319406;0,00596821545401901;2,81345073584786;4,23359167198422;2,8192843003121;4,2330648948466;0,00127352364264933;1,06771991534104;-0,00305384244091581;1,06915443719341
"186";50;50;2;0;1;0,0625;0;95,75;2,00089091886696;0,141740912227574;-0,000135826007184371;0,0354148215382826;1,0014617722315;0,611693560245301;0,0622385030972793;0,0324153611870221;2,7903131851302;4,19118054457171;2,77714206305352;4,17488125883085;0,00532863204389047;1,05995912845117;-0,00730559114142684;1,05773284499741
"187";50;50;2;0;1;0,25;0;95,75;2,00013555203498;0,141639439978942;1,87484586871394e-05;0,0707629218336931;1,00010339362237;0,527051827968328;0,251721644492972;0,771903049807838;2,79549387392777;4,19084402348697;2,76611088295222;4,12447333463733;-0,00256928542416992;1,06406856502317;-0,00216091435399926;1,05270129179719
"188";50;50;2;0;1;1;0;95,75;2,00062200248027;0,141604310158013;0,000202459928323149;0,141838679644337;1,00098028048097;0,983025477201955;1,00099901891733;0,628953574979974;2,79154273868492;4,17841753750404;2,80034561066715;4,1922987098022;-1,07683938568807e-05;1,05936698076728;0,00228026872328984;1,0612630648635
"189";50;50;2;0;1;100;0;95,75;1,99939232009827;0,141451761008833;-0,00240364371690815;1,41441748973848;1,00053847797379;0,532308674212483;100,077554160372;55,0895564322043;2,80155257605617;4,1768523187708;2,79683898778927;4,19337962414325;-0,00114581975997568;1,06207544503313;0,00474339494416497;1,06234600396663
"190";50;50;2;0;1;4;0;95,75;1,99967890854455;0,141371063485909;-0,000828083489822158;0,282698873805444;0,995823855530297;0,525389574263149;3,98999229373136;2,28013159266847;2,78337206182105;4,16267413356548;2,78723012566344;4,186996163092;-0,0032354458905676;1,05849939093295;0,00100707049542621;1,05931619721452
"191";50;50;2;0;1;16;0;95,75;2,00052485528358;0,141543923840212;-0,00142395534182605;0,566381197534383;1,00042483413838;0,574315945693141;16,0432503172998;9,87341230624446;2,78840068022755;4,15409306113438;2,79939775186244;4,19989451421035;0,00554970746700029;1,05820270627998;0,000520398416152192;1,06350539202953
