"n1";"n2";"n1/n2";"m1-m2";"sd1/sd2";"bias_Cohen";"bias_Hedge";"bias_Glass1";"bias_Glass2";"bias_Shieh";"bias_Shieh_corr";"eff_Cohen";"eff_Hedge";"eff_Glass1";"eff_Glass2";"eff_Shieh";"eff_Shieh_corr";"MSE_Cohen";"MSE_Hedge";"MSE_Glass1";"MSE_Glass2";"MSE_Shieh";"MSE_Shieh_corr"
"1";100;100;1;0;10;-0,000152134205850393;-0,000151536820225326;-0,000107938289111679;-0,000905900557498906;-7,60671029251966e-05;-0,000152134205850393;0,0204223922348992;0,0202623218481316;0,01032447377076;1,09804049301282;0,00510559805872479;0,0204223922348992;0,0204224153797158;0,0202623448115395;0,0103244854214342;1,09804131366864;0,00510560384492894;0,0204224153797158
"2";100;100;1;0;4;0,000311693588174274;0,000310469660472019;0,00023406868013034;0,000850712338941259;0,000155846794087137;0,000311693588174274;0,0202848932253059;0,020125900553597;0,0108431785931837;0,18393393606089;0,00507122330632647;0,0202848932253059;0,0202849903781988;0,0201259969450071;0,0108432333813307;0,183934659772374;0,00507124759454969;0,0202849903781988
"3";100;100;1;0;2;-1,34800432810774e-05;-1,34271111739526e-05;6,88350990994588e-06;-0,00010549776114579;-6,74002164053876e-06;-1,34800432810775e-05;0,020275014799932;0,0201160995551647;0,0129129321183859;0,0538863749797406;0,00506875369998301;0,020275014799932;0,0202750149816436;0,0201160997354521;0,0129129321657686;0,0538863861095182;0,0050687537454109;0,0202750149816436
"4";100;100;1;0;1;-0,000185172649165577;-0,000184445531433252;-0,000155100678449166;-0,000266553584254324;-9,25863245827886e-05;-0,000185172649165577;0,02014547643864;0,0199875765134961;0,0210263142589149;0,0209929442213811;0,00503636910965999;0,02014547643864;0,02014551072755;0,0199876105336502;0,0210263383151354;0,0209930152721944;0,00503637768188749;0,02014551072755
"5";100;100;1;0;0,1;0,000360326308804626;0,000358911414921885;0,00243053501100002;0,000255265821871508;0,000180163154402313;0,000360326308804626;0,0203653849636971;0,020205761399018;1,09841364454077;0,0102954516573492;0,00509134624092428;0,0203653849636971;0,0203655147987459;0,0202058902164218;1,09841955204121;0,010295516817989;0,00509137869968648;0,0203655147987459
"6";100;100;1;0;0,5;-0,000354824528557047;-0,000353431238523445;-0,000529183487824059;-0,000287228712335102;-0,000177412264278523;-0,000354824528557047;0,0202475071760554;0,0200888075356083;0,0535736073398386;0,0128996792041086;0,00506187679401386;0,0202475071760554;0,0202476330765015;0,0200889324492486;0,0535738873750024;0,0128997617044418;0,00506190826912538;0,0202476330765015
"7";100;100;1;0;0,25;0,000859120263910354;0,000855746755020654;0,00278156757556143;0,000621281376355592;0,000429560131955177;0,000859120263910354;0,0204203269940343;0,0202602727945919;0,184804518600826;0,0109177052491614;0,00510508174850857;0,0204203269940343;0,0204210650816622;0,0202610050971007;0,184812255719003;0,0109180912397101;0,00510526627041554;0,0204210650816622
"8";100;100;1;1;10;0,0456395675240768;0,0454603545625949;0,0330666094863412;0,339170402099754;0,0228197837620384;0,0456395675240768;0,0581628525785933;0,0577069730616066;0,029791414963061;3,05486483725098;0,0145407131446483;0,0581628525785933;0,060245822702378;0,0597736168985634;0,0308848156259832;3,16990139891149;0,0150614556755945;0,060245822702378
"9";100;100;1;1;4;0,0415614973281;0,0413982977312619;0,0337335091970388;0,135583971543823;0,02078074866405;0,0415614973281;0,0522990911765719;0,0518891717285496;0,0299838820647734;0,499169439072105;0,013074772794143;0,0522990911765719;0,0540264492367255;0,0536029907835958;0,0311218317075201;0,517552452411701;0,0135066123091814;0,0540264492367255
"10";100;100;1;1;2;0,0312839542374728;0,0311611114852313;0,0341024777489913;0,0677797617908316;0,0156419771187364;0,0312839542374728;0,0425926934759355;0,042258852619304;0,0326468584947151;0,130547555862195;0,0106481733689839;0,0425926934759355;0,0435713792686678;0,043229867488299;0,0338098374833356;0,135141651970617;0,010892844817167;0,0435713792686678
"11";100;100;1;1;1;0,0196455337373265;0,0195683915891433;0,0338183532001162;0,0339727137200021;0,00982276686866324;0,0196455337373265;0,0314306348002707;0,0311842819826889;0,0407321223091978;0,0405327687342356;0,00785765870006768;0,0314306348002707;0,0318165817960952;0,031567203932075;0,0418758033223656;0,0416869140117368;0,00795414544902379;0,0318165817960952
"12";100;100;1;1;0,1;0,00483189198809858;0,00481291859023955;0,0344269761445906;0,00349764204091889;0,00241594599404929;0,00483189198809858;0,0208549308354858;0,02069147021802;1,11645008340529;0,0105472503191335;0,00521373270887145;0,0208549308354858;0,0208782780156705;0,0207146344033762;1,11763530009175;0,0105594838189799;0,00521956950391761;0,0208782780156705
"13";100;100;1;1;0,5;0,0154709267622124;0,0154101770497953;0,0341053369423054;0,016859258623445;0,0077354633811062;0,0154709267622124;0,0257950066098627;0,0255928257567472;0,0734615584505561;0,0178529782523843;0,00644875165246567;0,0257950066098627;0,0260343561847444;0,0258302993134532;0,0746247324585043;0,0181372128537165;0,00650858904618611;0,0260343561847444
"14";100;100;1;1;0,25;0,0106221992689151;0,0105804890623618;0,034989192900343;0,00859959684857753;0,00531109963445756;0,0106221992689151;0,0222223258591912;0,0220481476211944;0,202823701859486;0,0120068283649598;0,0055555814647978;0,0222223258591912;0,0223351569764998;0,0221600943699931;0,204047945479304;0,0120807814309179;0,00558378924412494;0,0223351569764998
"15";100;100;1;2;10;0,0928460420085213;0,092481463309535;0,0672612259660545;0,661124710823866;0,0464230210042607;0,0928460420085213;0,169986446497599;0,168654095423193;0,0874844899632812;8,89179928038158;0,0424966116243997;0,169986446497599;0,178606834014247;0,177206916479066;0,0920085624817379;9,32888516364352;0,0446517085035618;0,178606834014247
"16";100;100;1;2;4;0,0835186028359272;0,0831906502069901;0,0679137811909771;0,267345785346206;0,0417593014179636;0,0835186028359272;0,149879644950362;0,148704890667914;0,0883928333072281;1,43507439881231;0,0374699112375906;0,149879644950362;0,156855001970028;0,155625574949776;0,093005114982884;1,50654816775469;0,0392137504925069;0,156855001970028
"17";100;100;1;2;2;0,0621289453620073;0,0618849835346693;0,0683694197440219;0,13296970769207;0,0310644726810037;0,0621289453620073;0,107558467430237;0,106715425866661;0,0901487400403167;0,366115915978907;0,0268896168575593;0,107558467430237;0,111418473282033;0,110545177053747;0,0948231175964509;0,383796859142621;0,0278546183205081;0,111418473282033
"18";100;100;1;2;1;0,0383404275391097;0,0381898761220716;0,0674125041722915;0,066263561156902;0,0191702137695549;0,0383404275391097;0,0646184279828543;0,0641119497681302;0,0987120381352948;0,0986620419668827;0,0161546069957136;0,0646184279828543;0,066088416366736;0,0655704164063494;0,103256483854074;0,103052901504077;0,016522104091684;0,066088416366736
"19";100;100;1;2;0,1;0,00963558201546066;0,00959774596042606;0,0711254382167321;0,00697300654941185;0,00481779100773033;0,00963558201546066;0,0217156891503982;0,0215454819228978;1,17130692239511;0,0109933474756564;0,00542892228759954;0,0217156891503982;0,0218085335911748;0,0216375986504186;1,17636575035664;0,0110419702959946;0,00545213339779371;0,0218085335911748
"20";100;100;1;2;0,5;0,0310018746288536;0,0308801395190543;0,0658987566014857;0,0341738289250695;0,0155009373144268;0,0310018746288536;0,0424085805081982;0,0420761827260907;0,131473413649829;0,0325084165179942;0,0106021451270495;0,0424085805081982;0,0433696967387013;0,043029765742807;0,135816059771451;0,0336762671013942;0,0108424241846753;0,0433696967387013
"21";100;100;1;2;0,25;0,0217594720735335;0,0216740291203651;0,0705183550144923;0,0175907180325832;0,0108797360367667;0,0217594720735335;0,0282845056354736;0,0280628121284386;0,260482335860082;0,0156310655639442;0,0070711264088684;0,0282845056354736;0,0287579802603925;0,0285325756667491;0,265455174254032;0,015940498924846;0,00718949506509812;0,0287579802603925
"22";100;20;5;0;10;4,83384454910026e-05;4,801183437282e-05;4,43583931712432e-05;0,000778140474899398;4,13206308492822e-05;0,000110874887342604;0,0127198474737542;0,0125485383519154;0,0106952068933385;1,37458212078892;0,00844647307423399;0,0608146061344847;0,0127198498103595;0,0125485406570516;0,0106952088610056;1,37458272629152;0,00844647478162852;0,0608146184277253
"23";100;20;5;0;4;-0,000197630960427634;-0,000196295616100421;-0,000184718052266972;-0,000405897144392639;-0,000120753373870005;-0,000324015302982933;0,0159515281490383;0,0157366952051027;0,0135881822851196;0,269594557210538;0,00847604537774172;0,0610275267197404;0,0159515672070348;0,0157367337370716;0,0135882164058784;0,269594721963029;0,00847605995911902;0,061027631705657
"24";100;20;5;0;2;0,000516176484456412;0,000512688805507383;0,000502649484967236;0,000618754983946722;0,000247258120292037;0,000663463157954178;0,0265610019412666;0,0262032820922584;0,0237658660446983;0,108450980010745;0,00859126809533249;0,0618571302863939;0,0265612683794297;0,0262035449420697;0,023766118701203;0,108451362868475;0,00859132923191054;0,0618575704697559
"25";100;20;5;0;1;0,00136206271627326;0,00135285958981195;0,00149164024339949;0,000780380317422156;0,000339955621227393;0,000912196654077145;0,0608505394352146;0,0600310129042892;0,0643406716362378;0,0683997093838946;0,00884792036784536;0,0637050266484866;0,0608523946500576;0,060032843133359;0,0643428966268536;0,0684003183773344;0,00884803593766977;0,0637058587512223
"26";100;20;5;0;0,1;-0,000990651307189326;-0,000983957717275883;-0,00247777065604909;-0,000441808645027619;-0,000179518821985351;-0,000481699547039915;0,322539716528857;0,318195796862311;5,47909233120458;0,0558555122880692;0,00928154263455657;0,0668271069688073;0,322540697918869;0,318196765035101;5,479098470552;0,0558557074829481;0,00928157486156402;0,0668273390032609
"27";100;20;5;0;0,5;9,19368964121157e-05;9,13157011660873e-05;0,000416639114187512;-4,36661085464071e-05;-1,39606801705631e-05;-3,74604358482142e-05;0,141136252490721;0,139235449236304;0,227944750662451;0,0589556127946683;0,00914596849429905;0,0658509731589531;0,141136260943114;0,139235457574861;0,227944924250602;0,0589556147013974;0,00914596868919964;0,0658509745622374
"28";100;20;5;0;0,25;0,000556953616354788;0,000553190416244281;-0,000294298293108985;0,000321166761795736;0,000129281208474129;0,00034689788443377;0,241883743280615;0,238626086949909;0,87791966106936;0,0559466620439759;0,00915375324554041;0,065907023367891;0,241884053477946;0,238626392969546;0,877919747680845;0,0559467651920648;0,00915376995917128;0,0659071437060332
"29";100;20;5;1;10;0,0369287011896204;0,0366791829383393;0,0339824247633709;1,19706874182468;0,0281251104226687;0,0754675905357303;0,0356919722629519;0,0352112777862549;0,0300849975970385;9,56818437094864;0,0226776463875803;0,163279053990578;0,0370557012345041;0,036556640247279;0,0312398027898366;11,0011579436024;0,0234686682238676;0,168974411211847
"30";100;20;5;1;4;0,0350397781187612;0,0348030228612022;0,0329755635291344;0,480458065176728;0,0233547604272277;0,0626673982962038;0,0378231867333948;0,0373137893591092;0,0326162153629088;1,58695686326167;0,0190425977727032;0,137106703963463;0,0390509727840068;0,0385250397593865;0,0337036031529728;1,81779681565504;0,0195880426073164;0,141033906772678
"31";100;20;5;1;2;0,0334311368161995;0,0332052507566305;0,0336529937540235;0,236066491912141;0,0282360200309825;0,075765192243987;0,0467288465685654;0,0460995090166239;0,0429143846789894;0,428741115917132;0,01823336877285;0,13128025516452;0,0478464874773889;0,0472020976944346;0,0440469086675977;0,484468504520837;0,01903064160004;0,137020619520288
"32";100;20;5;1;1;0,0299643262305387;0,0297618645668187;0,0343162098225902;0,11966423118753;0,0308514490987601;0,0827831248670428;0,0777497567414557;0,0767026339219373;0,0836681281692573;0,150601461515323;0,0157600998716778;0,11347271907608;0,0786476175879058;0,077588402504431;0,0848457304258453;0,164920989741025;0,0167119117831712;0,120325764838832
"33";100;20;5;1;0,1;0,0237296332094565;0,0235692978499331;0,0207198180083394;0,011070072195843;0,00449168939897302;0,0120524673959026;0,327615246974119;0,323202970775372;5,48494811163725;0,0568794124518374;0,00945061469988386;0,0680444258391638;0,328178342466374;0,32375848257651;5,48537742249555;0,0570019589502586;0,00947078997354071;0,0681896878094931
"34";100;20;5;1;0,5;0,032101775177517;0,0318848712911824;0,0350456152785776;0,0608030311243909;0,0217081618301161;0,0582491106224469;0,155020348766565;0,152932556450726;0,247868469777737;0,0791217736520983;0,011869012514947;0,0854568901076185;0,156050872736113;0,153949201467982;0,249096664927991;0,082818782246012;0,0123402568049895;0,0888498489959246
"35";100;20;5;1;0,25;0,041673898530397;0,0413923181349214;0,0401420069902019;0,0319530170004985;0,0126079975550689;0,0338308075119424;0,254468863851768;0,251041712882252;0,900467643378265;0,0613416587808128;0,0100037299482709;0,0720268556275507;0,25620557767049;0,252755036882835;0,902079024103466;0,062362654076247;0,0101626915506196;0,0731713791644608
"36";100;20;5;2;10;0,0741605216139001;0,0736594370084007;0,068254504231045;2,3884994476803;0,0563558594365856;0,151218639156754;0,104164468359955;0,102761595908979;0,0878887438396865;34,7556013882926;0,0650516036363443;0,468371546181679;0,109664251326001;0,108187308569374;0,0925474211875122;40,4605309998617;0,0682275865291805;0,4912386230101
"37";100;20;5;2;4;0,0741841652778521;0,0736829209178667;0,0698144849585285;0,947420213511032;0,0488179601398226;0,130992332874622;0,105523923414072;0,104102742013088;0,091407431139502;5,47763770504902;0,0522313465598294;0,376065695230771;0,111027213792044;0,109531914848077;0,0962814934495266;6,37524276601831;0,0546145397920427;0,393224686502707
"38";100;20;5;2;2;0,0674005505078124;0,0669451413827593;0,0676701653371823;0,483933374610836;0,0577784264257621;0,155035786945169;0,108181442080652;0,106724469590979;0,101202811646214;1,42555543654959;0,0475603174874693;0,342434285909779;0,112724276289408;0,111206121545736;0,105782062922976;1,65974694761182;0,0508986640477065;0,366470381143487
"39";100;20;5;2;1;0,0585446111346699;0,0581490394378141;0,0675715583289587;0,240077514529924;0,0615898667572365;0,165262954553203;0,128016218309184;0,12629211383506;0,142292412404056;0,39868421808956;0,0365615621996355;0,263243247837375;0,131443689802094;0,129673424622601;0,14685832789906;0,456321431072426;0,0403548738868096;0,290555091985029
"40";100;20;5;2;0,1;0,0480294686334847;0,0477049451967719;0,051230413311341;0,0223607997723108;0,00907344697827427;0,0243466130803936;0,334186845255283;0,32968606369254;5,47881403075367;0,0583225889662489;0,00968807284688637;0,0697541244975818;0,336493675112498;0,331961825488767;5,48143858600172;0,0588225943327062;0,00977040028695392;0,0703468820660682
"41";100;20;5;2;0,5;0,0624237048458505;0,0620019230563515;0,0666872836550798;0,121112630468602;0,0432073305349148;0,115937433842846;0,197702393743481;0,19503976563198;0,303957579250794;0,141090196892896;0,0202325099127444;0,145674071371759;0,201599112670163;0,198884004094665;0,308404773052088;0,15575846615192;0,0220993833246977;0,159115559937824
"42";100;20;5;2;0,25;0,0744799345014713;0,0739766917007858;0,0663798349024978;0,0591490959829354;0,0233035680912554;0,0625300348444106;0,289674672347651;0,28577337448687;0,960808301108209;0,0763245368055594;0,0123660625692461;0,0890356504985721;0,295221932990994;0,291245925401863;0,965214583589892;0,0798231523611579;0,0129091188550299;0,0929456557562153
"43";100;50;2;0;10;-5,4795546360426e-05;-5,45040806882962e-05;-4,45970892598269e-05;0,00022277260373731;-3,63108075003823e-05;-7,70268546416389e-05;0,0154696613330652;0,0153055281562913;0,010405097609408;1,17317109768509;0,00678633459063832;0,0305385056578724;0,0154696643356172;0,0153055311269861;0,0104050995983083;1,17317114731272;0,00678633590911306;0,0305385115910088
"44";100;50;2;0;4;0,000176742149843128;0,000175802032024813;0,000144067779184414;0,00106962473012521;0,000118500472349533;0,000251377462716491;0,0165685964152238;0,0163928035322533;0,0114690296616919;0,203824101144089;0,00672459737949314;0,0302606882077191;0,0165686276530113;0,0163928344386077;0,0114690504172169;0,203825245241152;0,00672461142185509;0,0302607513983479
"45";100;50;2;0;2;-0,000473418002516879;-0,000470899821652428;-0,000405330501592437;-0,000810660035114509;-0,000269863074823637;-0,000572466030598939;0,0204578217607026;0,0202407641792103;0,0156505699479738;0,0668839086206921;0,0067590351612144;0,0304156582254648;0,0204580458853077;0,0202409859258524;0,0156507342407893;0,0668845657903846;0,00675910798729355;0,030415985942821
"46";100;50;2;0;1;-0,000190607753029624;-0,000189593882002871;-0,000169138448635124;-0,000197460037049599;-9,59042374846426e-05;-0,000203443610009748;0,0304498408007743;0,0301267678520336;0,0319172984117397;0,0324090058285739;0,00681106781150172;0,0306498051517577;0,0304498771320898;0,0301268037978737;0,0319173270195545;0,0324090448190402;0,00681107700912448;0,0306498465410602
"47";100;50;2;0;0,1;0,00038437366167903;0,000382329120925418;0,00204028939212421;0,000226894049388168;0,000130164873371922;0,000276121393900724;0,0615257216436455;0,0608729334584834;2,17801522424089;0,0208617789345186;0,00691242773496755;0,031105924807354;0,0615258693867573;0,0608730796340402;2,17801938702169;0,0208618304154282;0,00691244467786181;0,0311060010503781
"48";100;50;2;0;0,5;-0,0005588763035892;-0,000555903557293511;-0,000951813728559254;-0,000344457764535303;-0,000196905648648102;-0,000417699958239025;0,0455030125096841;0,0450202253409672;0,0973677602911818;0,0236290357625558;0,00686029024383013;0,0308713060972356;0,0455033248524069;0,0450205343697322;0,0973686662405557;0,0236291544137073;0,00686032901566459;0,0308714805704907
"49";100;50;2;0;0,25;-0,000927900864299443;-0,000922965221404232;-0,00253844880360421;-0,000569716157268462;-0,000323244984735704;-0,000685706162073476;0,0565966617510207;0,0559961709136329;0,358146657096107;0,0215024626835253;0,00690933195454288;0,0310919937954429;0,0565975227510347;0,0559970227784329;0,358153100818436;0,0215027872600251;0,00690943644186303;0,0310924639883837
"50";100;50;2;1;10;0,0401383120948005;0,0399248104347218;0,0332242373322766;0,577279464646699;0,0258875648892801;0,0549158180448501;0,0440428955831591;0,0435756002616424;0,0298172174068856;4,65712337690869;0,0189702124542454;0,0853659560441042;0,0456539796809787;0,0451695907498909;0,0309210673531971;4,99037495721147;0,0196403784701421;0,0883817031156393
"51";100;50;2;1;4;0,0384860131225631;0,0382813002868048;0,0337676690365225;0,229868262031863;0,0217685555114372;0,0461780796563191;0,0431272317445619;0,0426696516205179;0,0309148456028471;0,757677055671722;0,0162879333075106;0,0732956998837976;0,044608404950632;0,0441351095721664;0,0320551010750072;0,810516473561272;0,0167618033165651;0,0754281149245429
"52";100;50;2;1;2;0,0331254190293113;0,0329492199919215;0,034188666965131;0,116190234087089;0,0165164836957411;0,0350367528678468;0,0420379320804962;0,0415919094308191;0,0352302053186754;0,205144049375764;0,0129709232168946;0,0583691544760256;0,0431352254663637;0,0426775605288952;0,036399070267528;0,218644219872977;0,0132437174505663;0,0595967285275482
"53";100;50;2;1;1;0,0252097951146737;0,0250757004598084;0,0338668642865614;0,0597285334679041;0,0157283319756643;0,0333648305902361;0,0443560154777244;0,0438853979527089;0,051355077557435;0,0671463486452829;0,0108297993394961;0,0487340970277326;0,0449915492474482;0,044514188706259;0,0525020420540393;0,0707138463555094;0,0110771797662328;0,0498473089480478
"54";100;50;2;1;0,1;0,00994900470795171;0,00989608447014345;0,0374570487915338;0,00600364817988133;0,00342482227109937;0,00726514515675922;0,0625821102612756;0,0619181137880983;2,21710909558188;0,0212324610455667;0,00703417165029189;0,0316537724263135;0,0626810929559544;0,0620160462759385;2,21851212608606;0,0212685048370345;0,00704590105788051;0,0317065547604623
"55";100;50;2;1;0,5;0,022566730581575;0,0224466947806091;0,0336624995315316;0,0287461509989462;0,0126242098790889;0,0267799932378779;0,0541418382009911;0,053567393052582;0,115764144093652;0,0320432926716394;0,0087885816828403;0,0395486175727813;0,0546510955301325;0,0540712471591558;0,116897307968363;0,0328696338688936;0,00894795235791158;0,0402657856106021
"56";100;50;2;1;0,25;0,0187578320798618;0,0186580563773093;0,0339244362609075;0,0142355268594226;0,00761696317129718;0,0161580189314173;0,0614493925341955;0,0607974142012303;0,379552456203858;0,0238131791986205;0,0076054236191172;0,0342244062860274;0,0618012487985318;0,0611455372690091;0,380703323579479;0,0240158294235858;0,0076634417470701;0,0344854878618155
"57";100;50;2;2;10;0,0806252340259705;0,080196376398173;0,0667268739064752;1,15679891278421;0,05203739429623;0,110387983146427;0,128278398455839;0,126917364067514;0,0870415834676872;14,9538326574777;0,0548945095349828;0,247025292907423;0,134778826817581;0,133348822854912;0,0914940591690179;16,2920163820965;0,0576023999401241;0,259210799730558
"58";100;50;2;2;4;0,0763105366029708;0,0759046294933805;0,0668996238891633;0,459714661581645;0,0432277600028643;0,0916999267005898;0,122512325774178;0,121212469443108;0,0890925018905478;2,41581593603176;0,0447937536925849;0,201571891616632;0,128335623770811;0,126973982221636;0,0935680615670594;2,62715350610489;0,0466623929274501;0,209980768173526
"59";100;50;2;2;2;0,0652239643491992;0,0648770283686182;0,0673509724081987;0,230997413394787;0,0326062894199406;0,0691683850745131;0,106006556175723;0,104881826134813;0,0932489298859754;0,6228259150717;0,0315328089027906;0,141897640062558;0,110260721701148;0,109090854944756;0,0977850833703054;0,676185720066782;0,0325959790125275;0,146681905556374
"60";100;50;2;2;1;0,0492349058645223;0,0489730180673706;0,0678372558545552;0,115435056075683;0,0303063629707279;0,0642895043091078;0,0861354565278839;0,0852215589441934;0,109430303666985;0,170531803993122;0,0228999003197207;0,103049551438743;0,0885595324833722;0,0876199154428204;0,114032196948861;0,183857056164318;0,0238183759562342;0,107182691803054
"61";100;50;2;2;0,1;0,020016532047739;0,0199100611325914;0,0737158217520899;0,0120849602946185;0,00689295059239334;0,0146221563187955;0,0658437634089529;0,0651451607811135;2,28191009915026;0,0223876155906896;0,00741265121354678;0,0333569304609605;0,0662444249641711;0,065541571315417;2,28734412152684;0,0225336618560121;0,00746016398141596;0,0335707379163718
"62";100;50;2;2;0,5;0,0449080356535794;0,0446691631235072;0,064962645325676;0,0581220510134715;0,0254125020820306;0,0539080576473632;0,0823585873057146;0,081484762321569;0,176373808904177;0,0585434479503295;0,014915832334503;0,0671212455052635;0,0843753189719777;0,0834800964557235;0,180593954191887;0,0619216207643421;0,0155616275965722;0,070027324184575
"63";100;50;2;2;0,25;0,0368012281325348;0,0366054769190639;0,0651176714981618;0,0280686359300417;0,0149972452085895;0,0318139613583333;0,0746344381806696;0,0738425664537074;0,43473401675334;0,0301792797148144;0,00951448319092325;0,0428151743591546;0,0759887685727324;0,0751825273941795;0,438974327894682;0,0309671280377877;0,00973940055476981;0,0438273024964641
"64";20;100;0,2;0;10;-0,00296680760197622;-0,00294676160466557;-0,00125689998162068;-0,00953915277703106;-0,000511943617330235;-0,00137368887479705;0,322048430576306;0,317711127480067;0,0558201300582909;5,48187270162763;0,0092752510461515;0,0667818075322908;0,322057232523653;0,317719810884022;0,0558217098558547;5,48196369706333;0,00927551313241882;0,0667836945534155
"65";20;100;0,2;0;4;-0,00049020701293404;-0,000486894803387189;-0,000173393214392774;-0,00144718603719029;-7,21630755805413e-05;-0,000193633850956254;0,243045409199262;0,239772107714885;0,0562414148348628;0,887952827399784;0,00920083615382125;0,066246020307513;0,243045649502177;0,239772344781435;0,0562414449000696;0,887954921747211;0,00920084136133073;0,0662460578015812
"66";20;100;0,2;0;2;-0,000598443270480552;-0,000594399734869197;-0,000135389758067097;-0,00130316557475835;-6,13938237194415e-05;-0,000164736915882372;0,141013609503614;0,139114457987747;0,0589048822136872;0,227531295374669;0,00913902661690602;0,0658009916417234;0,141013967637962;0,139114811298791;0,0589049005440738;0,227532993615185;0,00913903038610761;0,0658010187799748
"67";20;100;0,2;0;1;0,000470162426661766;0,000466985653508647;0,000570821010439524;0,000519460129407587;0,000194245264643112;0,000521214739259322;0,0613137951750096;0,0604880295807516;0,0687145393137756;0,0650547199141574;0,00890269219404737;0,0640993837971411;0,0613140162277171;0,0604882476563522;0,0687148651504016;0,0650549897529834;0,00890272992527021;0,0640996554619455
"68";20;100;0,2;0;0,1;0,000234985186620437;0,000233397448873001;0,00225142066171809;0,000214938272337419;0,000196057685681901;0,000526077975235223;0,0127255148245103;0,0125541293755864;1,38298006825748;0,0106999271586001;0,00845115198539981;0,0608482942948786;0,0127255700425483;0,0125541838499555;1,38298513715247;0,010699973357061;0,00845119042401592;0,0608485710529146
"69";20;100;0,2;0;0,5;0,000246812858584564;0,000245145204134668;0,000531679676587694;0,000213639188122494;0,000148154276756392;0,00039753964078153;0,0266631280486527;0,0263040327795533;0,109117261188066;0,0238412717837998;0,00862634431887284;0,0621096790958845;0,0266631889652399;0,0263040928757244;0,109117543871344;0,0238413174255025;0,00862636626856256;0,0621098371336504
"70";20;100;0,2;0;0,25;-0,000384506272829006;-0,000381908257472054;-0,00135800793521992;-0,000356014429551878;-0,000273038966369793;-0,000732640427170964;0,0159731478824905;0,0157580237670169;0,268134034341409;0,0136041188704704;0,00847728199421326;0,0610364303583354;0,0159732957275644;0,015758169620934;0,268135878526961;0,0136042456167445;0,00847735654449041;0,061036967120331
"71";20;100;0,2;1;10;0,260635778533386;0,258874725975728;0,120297973117542;0,343642042792023;0,0488296370177539;0,131023665226006;0,728829185494526;0,719013416241381;0,137287704931968;7,49243758911238;0,0227280180804379;0,163641730179153;0,796760194546231;0,78602953999039;0,151759307268157;7,61052744268666;0,0251123515317235;0,180808931028409
"72";20;100;0,2;1;4;0,150836885613426;0,149817717467389;0,119702342443286;0,133449449110213;0,0471638958395085;0,126554012617033;0,431997825139509;0,426179739017515;0,137823025573971;1,18418596754306;0,0220523701667519;0,158777065200614;0,454749591201066;0,448625087484653;0,152151676360381;1,20199472301088;0,0242768032375119;0,174792983310086
"73";20;100;0,2;1;2;0,0627433984833083;0,0623194566016645;0,121204299831063;0,0671881604271052;0,043249801905869;0,116051396489907;0,19869204876866;0,196016092122077;0,141155086967254;0,305262955098735;0,0202519312062736;0,14581390468517;0,202628782821896;0,199899806793204;0,155845569264792;0,309777204000313;0,0221224765711705;0,159281831312428
"74";20;100;0,2;1;1;0,0280264364373468;0,0278370686235809;0,118911152105216;0,0325985830345625;0,0303794213088825;0,0815165413965202;0,0777240429359391;0,0766772664263471;0,151899760438629;0,0839476218142615;0,0158713113110134;0,114273441439297;0,0785095240753157;0,0774521688159011;0,166039622533619;0,0850102894301228;0,016794220550076;0,120918387960547
"75";20;100;0,2;1;0,1;0,00350632248731664;0,0034826311191591;0,120053440495437;0,00322632803815064;0,00267292123873072;0,00717220030596583;0,0129853078121655;0,0128104235077194;1,47269470986473;0,0109191887070417;0,00861436494457183;0,0620234276009171;0,0129976021095506;0,0128225522272315;1,48710753843952;0,0109295978996515;0,00862150945252028;0,062074868058146
"76";20;100;0,2;1;0,5;0,0159089478428656;0,0158014549520353;0,118339237144395;0,0160826580110139;0,0137266780348294;0,0368325422293581;0,0315284121226073;0,031103791889948;0,192107960431707;0,028456319175769;0,0110548885713971;0,0795951977140594;0,0317815067440743;0,0313534778685492;0,206112135479624;0,0287149710644682;0,011243310261269;0,0809518338811368
"77";20;100;0,2;1;0,25;0,00900482312668327;0,00894397972717864;0,121641556226436;0,00846532198278638;0,00608217627968094;0,016320191535004;0,017366434567156;0,0171325458620195;0,351617735983324;0,0148217821630412;0,00915260251044251;0,0658987380751861;0,0174475214066989;0,0172125406353797;0,366414404184513;0,0148934438393134;0,00918959537873962;0,0661650867269253
"78";20;100;0,2;2;10;0,515735429903161;0,512250731052464;0,238240443940508;0,67563414700388;0,0967005990845419;0,259474935621587;1,96094920580153;1,93453941691769;0,383943968973101;13,2303125406689;0,0634605038393662;0,456915627643436;2,22693223945892;2,19694022838148;0,440702478102071;13,6867940412665;0,0728115097026755;0,524242869859263
"79";20;100;0,2;2;4;0,301496476812148;0,29945933845531;0,239367959998805;0,262369633654338;0,094316712078089;0,253078295545059;1,00576111781474;0,992215668136358;0,383698668585748;2,10559297984376;0,060810053510736;0,437832385277299;1,09666124334488;1,08189156352445;0,440995688859738;2,17443080450767;0,0697056956879572;0,501881008953292
"80";20;100;0,2;2;2;0,123168643944078;0,122336423376888;0,237330723411711;0,136293328977871;0,0846829870190177;0,227228298614707;0,369204722175484;0,36423232475758;0,386673244269414;0,533765143613397;0,0534703482426136;0,384986507346818;0,384375237026507;0,379198525242229;0,44299911654454;0,552341015137267;0,0606415565330767;0,436619207038152
"81";20;100;0,2;2;1;0,0582661929137802;0,0578725024211195;0,239722976777668;0,0671588759443411;0,0616377753610177;0,165391506826917;0,128086848442565;0,12636179273171;0,400079179461273;0,141690258895365;0,036824751607566;0,265138211574475;0,131481797679231;0,129711019268193;0,457546285056419;0,146200573513473;0,0406239669590212;0,292492562104953
"82";20;100;0,2;2;0,1;0,00741462890124783;0,00736453005732049;0,243678514290528;0,00682104295528121;0,00566111471104988;0,0151903647867979;0,0136551088278556;0,0134712037372686;1,73077982463508;0,0114857158930014;0,00903013773722344;0,0650169917080087;0,0137100855495989;0,0135254400402338;1,79015904296192;0,0115322425199992;0,0090621859569951;0,0652477388903647
"83";20;100;0,2;2;0,5;0,0333744047615632;0,0331489020266877;0,23903568795665;0,0335647113429811;0,0284628953716476;0,0763739626649618;0,0467328105822277;0,0461034196435061;0,438714113117838;0,0428800167031542;0,0184402092024203;0,132769506257426;0,0478466614754163;0,047202269349081;0,495852173234747;0,0440066065506918;0,0192503456153577;0,138602488430575
"84";20;100;0,2;2;0,25;0,0179464750908157;0,0178252151239858;0,237802392570163;0,0169047008815779;0,0117930918145871;0,0316441859547758;0,0216645093123081;0,0213727347393018;0,596924305113194;0,0185547990369988;0,0112411863950739;0,0809365420445323;0,0219865852804934;0,0216904730335181;0,653474283025288;0,0188405679488944;0,0113802634096212;0,0819378965492727
"85";20;20;1;0;10;0,0013453953605957;0,00131284547283935;0,000963637755624313;0,00517959162177046;0,000672697680297848;0,0013453953605957;0,109384634164761;0,104155855151292;0,0555116806202745;6,66635270577089;0,0273461585411903;0,109384634164761;0,109386444253438;0,104157578714528;0,0555126092179986;6,66637953394026;0,0273466110633594;0,109386444253438
"86";20;20;1;0;4;-0,00149632409965191;-0,00146012271014421;-0,00113120668812468;-0,00361963802822203;-0,000748162049825957;-0,00149632409965191;0,10875323842188;0,103554641241854;0,0593124755805546;1,12269458963372;0,0271883096054701;0,10875323842188;0,108755477407691;0,103556773200183;0,0593137552091258;1,12270769141317;0,0271888693519229;0,108755477407691
"87";20;20;1;0;2;0,00207733757673328;0,00202707940955424;0,00174307824309582;0,00299942991121482;0,00103866878836664;0,00207733757673328;0,106360406324226;0,101276190751365;0,0716745299015251;0,320944358532441;0,0265901015810565;0,106360406324226;0,106364721655634;0,101280299802298;0,0716775682232866;0,320953355112233;0,0265911804139084;0,106364721655634
"88";20;20;1;0;1;-0,00169199263631087;-0,00165105733059367;-0,00171400672499461;-0,00233742596815997;-0,000845996318155436;-0,00169199263631087;0,104785442242765;0,0997765127390951;0,121736822183666;0,122214131174829;0,0261963605606913;0,104785442242765;0,104788305081847;0,099779238729404;0,121739760002719;0,122219594734985;0,0261970762704616;0,104788305081847
"89";20;20;1;0;0,1;0,000521359894678622;0,000508746348839624;0,00325514519412919;0,000368831543029223;0,000260679947339311;0,000521359894678622;0,110383225178981;0,105106711748534;6,73951302809772;0,0560138534608792;0,0275958062947453;0,110383225178981;0,110383496995121;0,105106970571382;6,73952362406796;0,0560139894975863;0,0275958742487802;0,110383496995121
"90";20;20;1;0;0,5;0,000512539558781562;0,000500139408165879;0,000455819577659767;0,000596856762830151;0,000256269779390781;0,000512539558781563;0,106753295903239;0,101650299513484;0,323045328433976;0,0721558109697471;0,0266883239758098;0,106753295903239;0,106753558600038;0,101650549652911;0,323045536205463;0,0721561672077425;0,0266883896500096;0,106753558600038
"91";20;20;1;0;0,25;0,000367244031126454;0,000358359094889525;0,00116775906374151;0,000291085908027701;0,000183622015563227;0,000367244031126455;0,10861571661228;0,103423693218028;1,12129313574474;0,0592253962234529;0,0271539291530701;0,10861571661228;0,108615851480459;0,103423821639269;1,12129449940597;0,0592254809544588;0,0271539628701147;0,108615851480459
"92";20;20;1;1;10;0,164956040971806;0,160965169012811;0,119924027807101;1,21304859402522;0,0824780204859032;0,164956040971806;0,265980973770172;0,253266612706106;0,137255546793722;14,9774963297429;0,0664952434425429;0,265980973770172;0,293191469223264;0,279176398341429;0,1516373192392;16,4489832212095;0,073297867305816;0,293191469223264
"93";20;20;1;1;4;0,147825622040303;0,144249195700619;0,122001343089129;0,485791144464059;0,0739128110201517;0,147825622040303;0,241146813927919;0,229619569635709;0,143135364139427;2,4521360661321;0,0602867034819797;0,241146813927919;0,262999228459521;0,250427400095984;0,158019691854978;2,6881291021718;0,0657498071148803;0,262999228459521
"94";20;20;1;1;2;0,105997249038815;0,103432799465296;0,11867819690782;0,241313761421246;0,0529986245194077;0,105997249038815;0,190834685907146;0,181712450336012;0,154050464844497;0,652882636998372;0,0477086714767864;0,190834685907146;0,202070102710942;0,19241079434124;0,168134979265789;0,711114968449642;0,0505175256777355;0,202070102710942
"95";20;20;1;1;1;0,0702449103302729;0,0685454366932501;0,122308432216442;0,120025579108308;0,0351224551651365;0,0702449103302729;0,148674179993593;0,141567291186667;0,206008403435088;0,206580165375722;0,0371685449983983;0,148674179993593;0,153608527420901;0,146265768078136;0,220967756026332;0,220986305016006;0,0384021318552253;0,153608527420901
"96";20;20;1;1;0,1;0,0151156241757762;0,0147499235908783;0,105744771265078;0,0110093776220489;0,00755781208788808;0,0151156241757762;0,111092584254294;0,105782162205198;6,7406599888509;0,0564113596376587;0,0277731460635735;0,111092584254294;0,111321066348517;0,105999722451135;6,7518419455008;0,0565325660332836;0,0278302665871294;0,111321066348517
"97";20;20;1;1;0,5;0,0524570610916711;0,0511879386459049;0,117137332569389;0,0594249458914408;0,0262285305458356;0,0524570610916711;0,126388019210926;0,120346448313422;0,399657289213328;0,0918821992433214;0,0315970048027316;0,126388019210926;0,129139762469302;0,122966653376239;0,4133784438948;0,0954135234375221;0,0322849406173254;0,129139762469302
"98";20;20;1;1;0,25;0,0374902379954224;0,0365832161084364;0,123174281302389;0,030858185395724;0,0187451189977112;0,0374902379954224;0,116982002182712;0,111390055538312;1,19929246114838;0,0645303752353312;0,029245500545678;0,116982002182712;0,118387520127665;0,112728387239149;1,21446436472274;0,0654826028412481;0,0295968800319163;0,118387520127665
"99";20;20;1;2;10;0,326419346049979;0,318522103806835;0,237401443332256;2,39511119909814;0,16320967302499;0,326419346049979;0,733619243095672;0,698550945510128;0,381718993480962;39,9607194201094;0,183404810773918;0,733619243095672;0,840168832571368;0,800007276123661;0,438078438777201;45,6972770761547;0,210042208142842;0,840168832571368
"100";20;20;1;2;4;0,285434326641318;0,278528657448383;0,236220647918882;0,947183152869311;0,142717163320659;0,285434326641318;0,629004332232635;0,598936812449142;0,388750261034074;6,39607373991553;0,157251083058159;0,629004332232635;0,710477087057818;0,676515025469141;0,444550455537291;7,29322966499498;0,177619271764454;0,710477087057818
"101";20;20;1;2;2;0,211301070265882;0,206188947598159;0,237815568657398;0,473632985641117;0,105650535132941;0,211301070265882;0,439025416936996;0,418039225375557;0,397221512228023;1,63198379079658;0,109756354234249;0,439025416936996;0,483673559232503;0,460553107487193;0,453777756923865;1,8563119958839;0,120918389808126;0,483673559232503
"102";20;20;1;2;1;0,137617005494107;0,134287561812799;0,237204974127622;0,240100231760672;0,0688085027470537;0,137617005494107;0,275403836558403;0,262239045984104;0,447080525266225;0,451851626551638;0,0688509591396008;0,275403836558403;0,294342276759569;0,28027219524173;0,503346725017111;0,509499747843166;0,0735855691898921;0,294342276759569
"103";20;20;1;2;0,1;0,0330568409711699;0,0322570786896093;0,236303124937641;0,0240537640865341;0,0165284204855849;0,0330568409711699;0,11753262408302;0,11191435673774;7,10657518465448;0,0597570614366907;0,0293831560207549;0,11753262408302;0,118625378818013;0,112954875863328;7,16241435150978;0,0603356450034214;0,0296563447045032;0,118625378818013
"104";20;20;1;2;0,5;0,105098890737157;0,102556175638677;0,235839728773314;0,118961580181082;0,0525494453685783;0,105098890737157;0,191668291008479;0,182506207638862;0,650218325102155;0,155322703890251;0,0479170727521198;0,191668291008479;0,20271406784266;0,193023976800493;0,705838702770026;0,169474561449431;0,050678516960665;0,20271406784266
"105";20;20;1;2;0,25;0,0730864561524921;0,0713182354391254;0,241866300025817;0,0602515373760414;0,036543228076246;0,0730864561524921;0,142821084770445;0,135993984269256;1,46248077645578;0,0806557604214125;0,0357052711926112;0,142821084770445;0,148162714843375;0,141080274975407;1,52098008354396;0,084286008177589;0,0370406787108437;0,148162714843375
"106";20;20;1;3;10;0,492100658198007;0,480194997112571;0,357929499934418;3,61600908484526;0,246050329099003;0,492100658198007;1,54252336158605;1,46878801619286;0,804872652720537;81,1345401970513;0,385630840396513;1,54252336158605;1,78468641938496;1,6993752514448;0,93298617964384;94,2100618987348;0,446171604846241;1,78468641938496
"107";20;50;0,4;0;10;-0,00160430866553809;-0,00158458355899459;-0,000854901996458477;-0,00946899503357368;-0,000456310486508996;-0,00101008632031157;0,192232852995896;0,1875348752831;0,0557477350278502;5,81256895164528;0,0158331170637606;0,0775822736124269;0,192235426802191;0,187537386188156;0,0557484658852737;5,81265861351222;0,0158333252830207;0,0775832938868014
"108";20;50;0,4;0;4;0,00041682821106644;0,00041170327404513;0,000289297717054647;-0,00048481822721156;0,000147220011281199;0,00032588538696299;0,166700745221695;0,162626746560421;0,0569657457523429;0,947564675521599;0,0156923585037757;0,0768925566685008;0,166700918967452;0,162626916060007;0,056965829445512;0,947564910570312;0,0156923801775074;0,0768926628697862
"109";20;50;0,4;0;2;-0,000707941517101373;-0,000699237318120618;-0,000782239903113915;-0,000521175014796696;-0,000337306378699209;-0,000746659498194962;0,121400277594997;0,118433376830741;0,0616835001221042;0,251149435551689;0,0153892097030734;0,0754071275450596;0,121400778776189;0,118433865763568;0,0616841120213702;0,251149707175085;0,0153893234786665;0,0754076850454659
"110";20;50;0,4;0;1;-0,000468696346991215;-0,000462933686987224;-0,000834825899311246;-0,000208001869592388;-0,000294915676531387;-0,000652823678870053;0,071767818590406;0,0700138852383326;0,0819890466473396;0,0782071697481429;0,0149754042474097;0,0733794808123073;0,0717680382666717;0,0700140995459312;0,0819897435816217;0,0782072130129206;0,0149754912226659;0,073379906991063
"111";20;50;0,4;0;0,1;1,93056188385516e-05;1,90682546725041e-05;0,000846417904775752;1,57864192454287e-05;1,61028141627871e-05;3,56450986449775e-05;0,029400795625794;0,0286822697316203;2,71416451847666;0,0212849984631987;0,0147655289004161;0,0723510916120389;0,029400795998501;0,0286822700952186;2,71416523489993;0,0212849987124097;0,0147655291597167;0,072351092882612
"112";20;50;0,4;0;0,5;-0,000182038714566787;-0,000179800533649982;0,000486858268166311;-0,00021918837188657;-4,18739534461382e-05;-9,26919472679574e-05;0,0434139787079434;0,0423529847039784;0,16311332515453;0,0353019127780476;0,0147898417042637;0,0724702243508922;0,043414011846037;0,0423530170322103;0,163113562185504;0,03530196082159;0,0147898434576917;0,0724702329426893
"113";20;50;0,4;0;0,25;-0,000291190645506387;-0,000287610432651801;-0,00131494295590587;-0,000243738579017756;-0,00020089891075961;-0,000444708696213094;0,0327325363734719;0,031932586084178;0,482499910618704;0,0243112614094657;0,014689127932713;0,0719767268702936;0,032732621165464;0,031932668803939;0,482501639693681;0,0243113208179606;0,0146891682930853;0,0719769246361181
"114";20;50;0,4;1;10;0,206988389266538;0,204443450054244;0,117601872783497;0,5646611627842;0,0621332339522815;0,137537776376921;0,454765800516419;0,443651781439702;0,137814122849778;9,25141665905236;0,0388510602038737;0,190370194998981;0,497609993807574;0,485448905709784;0,151644323331964;9,57025888780916;0,0427115989652427;0,209286834929689
"115";20;50;0,4;1;4;0,156147205459643;0,154227362769565;0,119959970626987;0,227262480697862;0,0598345438071006;0,132449408831292;0,334730614353624;0,326550134578621;0,138651923281429;1,4835886486954;0,0366305888569135;0,179489885398876;0,359112564126479;0,350336214005477;0,153042317834257;1,53523688382835;0,0402107614895174;0,197032731298635
"116";20;50;0,4;1;2;0,0844911935723158;0,0834523674218366;0,118934980710536;0,116873251662068;0,0495756914422013;0,109740471074552;0,193560150445083;0,188829734916704;0,142641889553789;0,38991302912968;0,0312534652972729;0,153141979956637;0,200698912236358;0,195794032545013;0,156787419190405;0,403572386083745;0,0337112144792453;0,165184950948302
"117";20;50;0,4;1;1;0,043865329097132;0,0433260012803639;0,118625306904912;0,057323199172346;0,0303460980215702;0,0671739514928238;0,0974669659149334;0,0950849712326197;0,162738263061101;0,11233277385714;0,0230537693734445;0,112963469929878;0,0993911330117331;0,0969621136195658;0,176810226499386;0,115618723020492;0,0239746550385792;0,117475809689038
"118";20;50;0,4;1;0,1;0,00647037918962995;0,00639082534713449;0,115878716439041;0,00554852801165741;0,00441176833571215;0,00976586551490255;0,0298138910085722;0,029085269478448;2,78509693486088;0,0215878897913218;0,014961688211929;0,0733122722384521;0,0298557568154298;0,0291261121270656;2,79852481178443;0,021618675954418;0,014981151911777;0,0734076443677072
"119";20;50;0,4;1;0,5;0,0280705480202629;0,0277254183314892;0,121049488906747;0,0286505786402478;0,0152636169103689;0,0337874563383196;0,0523011649695597;0,0510229770659265;0,244072918460562;0,0435740797185796;0,0176207241267919;0,0863415482212802;0,0530891206357176;0,0517916758875826;0,258725897225147;0,0443949353750006;0,0178537021279784;0,087483140427094
"120";20;50;0,4;1;0,25;0,0150718395563098;0,0148865300535682;0,116846724243203;0,0135763140553818;0,00868871203311919;0,0192332839705783;0,0354771107035153;0,0346100857761837;0,564766571164238;0,0264537578328912;0,0157533140089469;0,0771912386438396;0,0357042710511265;0,0348316945532195;0,578419728130605;0,0266380741362216;0,0158288077257413;0,0775611578561325
"121";20;50;0,4;2;10;0,416708065155457;0,411584605337971;0,236479869445584;1,14387546308012;0,124965859451023;0,276623721937999;1,23425215502795;1,2040882729135;0,380675852863707;19,6377606662457;0,107013121191522;0,524364293838458;1,40789776659355;1,37349016026472;0,436598581516707;20,9462117412824;0,122629587219855;0,600884977377289
"122";20;50;0,4;2;4;0,311129859228069;0,307304492106412;0,238721604433643;0,465176682851313;0,11906488032614;0,263561347816183;0,842632782297193;0,822039684033245;0,385024692342996;3,16516018426159;0,0997705708697227;0,488875797261641;0,939434571600471;0,916475734902025;0,442012696766368;3,38154953053014;0,113947016596801;0,558340381324324
"123";20;50;0,4;2;2;0,172791316381814;0,170666832983677;0,242494492499579;0,234488250323058;0,101180708382364;0,223973045630293;0,417864155663807;0,407651975697218;0,3942504067873;0,807609953157167;0,0805928646597659;0,394905036832853;0,447720994680767;0,436779143577896;0,453053985679928;0,862594692696736;0,0908304004085228;0,445068962001762
"124";20;50;0,4;2;1;0,088426366665975;0,0873391572397539;0,238072755480063;0,114311282508368;0,0611477758058691;0,135356371779919;0,177623719557457;0,173282774382166;0,408856662008497;0,216760046568805;0,0480362960748909;0,235377850766965;0,185442941879202;0,180910902769517;0,465535298910367;0,229827115877513;0,0517753465608957;0,253699198148389
"125";20;50;0,4;2;0,1;0,0133311576089234;0,0131672499334039;0,239017939489983;0,0114264019859609;0,00910945231683985;0,0201646322905382;0,0315030072196709;0,0307331053870886;3,06611928589337;0,0228190147552837;0,0157827393538303;0,0773354228337683;0,0316807269828649;0,0309064818578973;3,12324886129141;0,0229495774176284;0,0158657214753431;0,077742035229181
"126";20;50;0,4;2;0,5;0,0567870597474436;0,0560888581931718;0,236783083045181;0,058249718728747;0,0302450701392969;0,0669503167422068;0,0811218246235208;0,0791392887657672;0,48842916449987;0,0704058024132315;0,0266188108426229;0,130432173128852;0,0843465947782805;0,0822852487791809;0,544495392916251;0,0737988321452096;0,0275335751103539;0,134914518040734
"127";20;50;0,4;2;0,25;0,03165317535817;0,0312639969726187;0,239073191849595;0,0284568644046586;0,018370870835191;0,0406656561079742;0,044093987085812;0,0430163743605725;0,81394339785573;0,0331493043005965;0,0191036298326774;0,0936077861801191;0,0450959105960671;0,0439938118672765;0,871099388916883;0,0339590974323416;0,0194411187279206;0,0952614817668112
"128";50;100;0,5;0;10;0,00142643074446461;0,00141884334688767;0,000826634306309047;0,0104454980017076;0,000476393941102844;0,00101058415881002;0,0617460559552552;0,0610909300220495;0,0209369962980681;2,18888303874283;0,00693730456891152;0,0312178705601019;0,0617480906599239;0,0610929431384925;0,0209376796223445;2,18899214717134;0,00693753152009864;0,0312188918404439
"129";50;100;0,5;0;4;-0,000464210417841754;-0,000461741213491532;-0,000283756818401214;-0,00125505711848942;-0,000159874088539293;-0,000339144156426459;0,0563954778338288;0,0557971215587132;0,0214360087766807;0,356313749472773;0,00688659382077898;0,0309896721935054;0,0563956933251408;0,0557973347636615;0,0214360892946127;0,356315324641144;0,00688661938050316;0,0309897872122642
"130";50;100;0,5;0;2;-0,000135032622911258;-0,000134314364278751;-3,68210507897272e-05;-0,000354611624198042;-3,66705082295804e-05;-7,77898951160801e-05;0,0456513354682016;0,0451669745922233;0,0237671504164508;0,0974643719185132;0,00689136158697242;0,0310111271413759;0,0456513537020108;0,0451669926325717;0,0237671517722406;0,0974644976679172;0,0068913629316986;0,0310111331926437
"131";50;100;0,5;0;1;-0,000630594549713407;-0,000627240323385144;-0,000647139928191575;-0,000639552057422385;-0,000292904082068391;-0,00062134338800334;0,0306872220610728;0,0303616304960858;0,0325891800401519;0,0322748798797464;0,00685406211630521;0,0308432795233735;0,0306876197105589;0,030362023926509;0,0325895988302386;0,0322752889065806;0,00685414790910651;0,0308436655909793
"132";50;100;0,5;0;0,1;0,000216388962972898;0,000215237957850702;0,00220171937446965;0,00017750837817297;0,000143063621339954;0,000303483770371757;0,0153944462307886;0,0152311110865903;1,17033636568675;0,0103540295112625;0,0067540253141587;0,0303931139137141;0,0153944930549719;0,0152311574139688;1,17034121325495;0,0103540610204868;0,00675404578135845;0,030393206016113
"133";50;100;0,5;0;0,5;-0,00061671573184949;-0,000613435329020503;-0,000928063829088058;-0,000549078265419781;-0,000346891291802074;-0,000735867554303425;0,0206492140634397;0,0204301258087489;0,0671671183184356;0,0158145515797806;0,00681234520304607;0,0306555534137073;0,0206495944017336;0,0204305021116518;0,0671679796209064;0,0158148530667221;0,0068124655366144;0,0306560949147648
"134";50;100;0,5;0;0,25;0,000434681537313061;0,00043236940147629;0,00199580244583952;0,000357785049202528;0,000284787006013423;0,000604124469437717;0,0166746914145521;0,0164977728631584;0,206068782911498;0,0115456344740576;0,0067683614957597;0,0304576267309186;0,016674880362591;0,0164979598064578;0,206072766138901;0,0115457624841991;0,00676844259939849;0,0304579916972932
"135";50;100;0,5;1;10;0,097298692136093;0,0967811459013266;0,0587890760437273;0,345540455767233;0,0335259694317854;0,0711193209932053;0,15879760662204;0,157112763296914;0,0553463994377437;4,10735921613931;0,0182097977900965;0,0819440900554341;0,168264642113434;0,166479353498887;0,0588025548998189;4,22675742271113;0,0193337884164375;0,0870020478739687
"136";50;100;0,5;1;4;0,0755877614854059;0,0751856989243134;0,0574221057113462;0,132740113988779;0,0307153264218734;0,0651570467977949;0,12937057758682;0,127997955172971;0,0564058010621032;0,66681162651564;0,0174015255510268;0,0783068649796208;0,135084087273194;0,133650844495709;0,0597030992864283;0,684431564377394;0,0183449568282291;0,0825523057270308
"137";50;100;0,5;1;2;0,0427197612477774;0,0424925284751829;0,056009876106202;0,0635180651064009;0,0243746825650529;0,0517065099930554;0,0820602021364959;0,0811895430203465;0,0584702110441036;0,17428488453696;0,0148905436683093;0,0670074465073919;0,083885180137563;0,0829951579965607;0,0616073172655357;0,178319429131821;0,0154846688184564;0,0696810096830539
"138";50;100;0,5;1;1;0,0231805380942049;0,0230572373596613;0,0575455205883104;0,0317291935832484;0,0147721666460743;0,0313364976247705;0,0446218791752827;0,0441484408352326;0,0669746646822191;0,0515335226711542;0,0108717261348505;0,0489227676068274;0,0451592165216196;0,0446800770298924;0,0702861516219988;0,0525402643965974;0,0110899430422699;0,0499047436902146
"139";50;100;0,5;1;0,1;0,00417506331316633;0,00415285552958566;0,0577656230227204;0,00345574328416082;0,00269366638106357;0,00571412929291282;0,0157878533093421;0,0156203441142594;1,2014028854471;0,0106219635119784;0,00692105921361293;0,0311447664612582;0,0158052844630111;0,015637590323309;1,20473975265031;0,0106339056736244;0,0069283150521854;0,0311774177348343
"140";50;100;0,5;1;0,5;0,0168343018161509;0,0167447576575543;0,0587167693574919;0,0172625391878017;0,00846070736637705;0,0179478706572005;0,0258104714238422;0,0255366222051929;0,100905678794786;0,0205085824090176;0,00828945683204527;0,0373025557442037;0,0260938651414795;0,0258170091142032;0,104353337798567;0,020806577668228;0,00836104040118474;0,0376246818053313
"141";50;100;0,5;1;0,25;0,00945719830196184;0,0094068940556748;0,0570122866936715;0,00830530152260595;0,00533484334952142;0,0113169117270436;0,0183628369824704;0,018168007198959;0,239952798289736;0,0127803781624386;0,00737375293040346;0,0331818881868155;0,018452275582193;0,0182564968547337;0,243203199123778;0,01284935619582;0,00740221348396739;0,0333099606778532
"142";50;100;0,5;2;10;0,190516142836378;0,189502759097886;0,115187211181238;0,682386484034627;0,0656772585799354;0,139322504734844;0,454043595146409;0,44922619054648;0,159972253322135;9,90940035005734;0,0524892261384777;0,23620151762315;0,49033999582766;0,485137486252191;0,173240346941846;10,3750516636505;0,0568027284330534;0,25561227794874
"143";50;100;0,5;2;4;0,153185293975797;0,152370478582309;0,116121691988766;0,263708069366722;0,0621504978902703;0,131841115536991;0,343094362220344;0,33945412948402;0,159291609387053;1,5766659705547;0,0482940219572438;0,217323098807597;0,366560096510795;0,362670892227422;0,172775856737386;1,64620791640383;0,0521567063452523;0,234705178553635
"144";50;100;0,5;2;2;0,0926620082795311;0,0921691252567678;0,117382068997921;0,135755079502684;0,0516512287560253;0,109568802330009;0,188831165535748;0,186827666014588;0,161779167740475;0,404836384049943;0,0385845143194943;0,173630314437724;0,197417413314144;0,195322813665185;0,175557717862708;0,423265825660723;0,0412523637515015;0,185635636881757
"145";50;100;0,5;2;1;0,0470778437274695;0,0468274296650895;0,114453984898175;0,0652383443594;0,0295523521650539;0,062690005847768;0,0857093284658624;0,084799952102839;0,171465069246533;0,108768934651041;0,0229056273858731;0,103075323236429;0,0879256518358904;0,0869927602718779;0,184564783905605;0,113024976225797;0,0237789689043604;0,107005360069622
"146";50;100;0,5;2;0,1;0,00823940247442928;0,00819557586552278;0,115768804727817;0,00681764639663723;0,00531928898657263;0,0112839159404893;0,0167159199856922;0,0165385639989721;1,32006700758531;0,0112505441230993;0,00731979080301482;0,0329390586135667;0,0167838077388279;0,0166057314627397;1,33346942373342;0,0112970244254889;0,00734808563833749;0,0330663853725187
"147";50;100;0,5;2;0,5;0,0321461537573855;0,0319751635778249;0,11463516324308;0,0332213778091763;0,0160496768549755;0,0340465060200177;0,0417173491645965;0,0412747279011084;0,204487416465781;0,0349656201833814;0,0128880777165669;0,0579963497245512;0,0427507243659899;0,042297138986937;0,217628637117548;0,0360692801269214;0,0131456698437161;0,0591555142967223
"148";50;100;0,5;2;0,25;0,018450096969576;0,0183519581559081;0,116174652624273;0,01617225475762;0,010460194692944;0,0221894237997367;0,0234859643908586;0,0232367782023522;0,343252271126512;0,0165264069093081;0,00921991068808656;0,0414895980963895;0,0238263704690454;0,0235735725705084;0,356748821038883;0,0167879487332534;0,00932932636110086;0,0419819686249538
"149";50;20;2,5;0;10;0,000651200452531905;0,000643193889590939;0,000554035242147774;0,00581133623861285;0,000459723631209263;0,00101764163817718;0,0295036323302186;0,0287825932103505;0,0213617879243952;2,71201746816222;0,0148118144874361;0,0725778909884369;0,029504056392248;0,0287830069087301;0,0213620948794447;2,7120512397911;0,0148120258332532;0,0725789265829407
"150";50;20;2,5;0;4;-0,00026766793379743;-0,000264376934611396;-0,000222388696321432;-0,0013461748893051;-0,000192497879499703;-0,000426112220780186;0,0325581728906834;0,031762483869655;0,0241864908867714;0,477957268928618;0,014613900121756;0,0716081105966042;0,0325582445368061;0,0317625537648186;0,0241865403435037;0,477959081115451;0,0146139371771896;0,0716082921682289
"151";50;20;2,5;0;2;-0,000677623918561574;-0,000669292476939915;-0,000560120366391344;-0,00184366110997344;-0,000464212227363807;-0,0010275775693187;0,0433948563662473;0,0423343296930934;0,0354030520058874;0,162907740487275;0,0147661823120177;0,0723542933288867;0,0433953155404223;0,0423347776455131;0,0354033657407123;0,162911139573564;0,0147663978050097;0,0723553492445476
"152";50;20;2,5;0;1;0,00123992441359145;0,00122467944129319;0,0012209893270175;0,00148880114541313;0,000630937062106579;0,00139663872353033;0,0723146052747191;0,0705473090056598;0,0788015596245821;0,082189600820422;0,0150561962650281;0,0737753616986378;0,0723161426872705;0,0705488088453937;0,0788030504395188;0,0821918173492726;0,0150565943466045;0,0737773122983619
"153";50;20;2,5;0;0,1;0,0014412527888035;0,00142353246762969;0,00331303148329351;0,000785983596043466;0,00041798317767736;0,000925245205566714;0,191965887349416;0,187274434008691;5,8402906253682;0,0556554133342344;0,0158077052172769;0,0774577555646568;0,191967964559017;0,187276460453378;5,84030160154581;0,0556560311044477;0,0158078799272137;0,0774586116433472
"154";50;20;2,5;0;0,5;-3,2374573860807e-05;-3,19765258215349e-05;-6,1618873131438e-05;4,12316159837528e-05;6,61280165531977e-06;1,46380604620194e-05;0,12256152719279;0,119566246655543;0,25210683704335;0,0623388320476434;0,0155456924222487;0,0761738928690188;0,122561528240903;0,119566247678041;0,252106840840235;0,0623388337476896;0,0155456924659779;0,0761738930832916
"155";50;20;2,5;0;0,25;-4,72921654573527e-05;-4,67107044066472e-05;0,000489097049686934;-0,000122252272924383;-5,43632171134673e-05;-0,000120338110908961;0,167503904698587;0,163410277626959;0,944134261876011;0,0572495573674045;0,0157710329352304;0,0772780613826289;0,167503906935136;0,163410279808849;0,944134501091935;0,0572495723130228;0,0157710358905898;0,0772780758638898
"156";50;20;2,5;1;10;0,0677556328862883;0,0669225718262108;0,0580596443964101;1,21939836745681;0,046356410433013;0,102614288782539;0,0775233606356039;0,0756287676208766;0,0564236359992618;11,0011158636121;0,0379554601589429;0,18598175477882;0,0821141864234254;0,080107398240711;0,0597945583066994;12,4880482421684;0,0401043769471768;0,196511447041166
"157";50;20;2,5;1;4;0,0655839392182758;0,0647775793098542;0,0588758861834211;0,478453160541481;0,0382336158849957;0,0846337165664068;0,0773634562468432;0,0754727711346564;0,0590447201092006;1,78141095047597;0,031987559427567;0,156739041195078;0,0816647093302297;0,0796689059159008;0,0625110900830838;2,01032837730811;0,0334493688112084;0,163901907174921
"158";50;20;2,5;1;2;0,0566397635662721;0,0559433730306214;0,0582732898261273;0,238297300176122;0,0301399845964848;0,066717699977098;0,0803585945529434;0,0783947112709874;0,0699225790693652;0,490184088780155;0,0263903026497821;0,129312482983932;0,0835666573697866;0,0815243722570306;0,073318355376525;0,546969692051384;0,0272987213212584;0,133763734474166
"159";50;20;2,5;1;1;0,0454634043452946;0,0449044280623606;0,0592644746909468;0,120310514181221;0,0310121275204871;0,0686482706366307;0,0983406635201196;0,095937316546494;0,113456128881178;0,164684720024093;0,0232755486696897;0,11405018848148;0,100407584654783;0,0979537242061017;0,116968406841572;0,179159339846643;0,0242373007230367;0,11876277354288
"160";50;20;2,5;1;0,1;0,0184250545241199;0,0181985169684954;0,043773294631928;0,0105457920007601;0,00556553960053677;0,0123198470818919;0,195164883891663;0,190395250290777;5,82708606600384;0,0566751381367642;0,0160929095029201;0,0788552565643087;0,19550436652588;0,19072643631063;5,82900216732678;0,0567863518656875;0,0161238847339653;0,0790070351964299
"161";50;20;2,5;1;0,5;0,0434636256873682;0,0429292368469497;0,0593933415561645;0,0606182173306508;0,0253238728742746;0,0560567822214838;0,140339452981215;0,136909697806402;0,287482842855476;0,0828479294029804;0,019534985444675;0,0957214286789077;0,142228539739107;0,138752617182663;0,291010411876684;0,0865224976753264;0,0201762839820275;0,0988637915119345
"162";50;20;2,5;1;0,25;0,0389858712848616;0,038506536801851;0,0610933363197315;0,0297770955069706;0,0148623163189718;0,0328991396116883;0,176918064506626;0,172594364831519;0,988092783192825;0,0618917114727486;0,0169567374316477;0,0830880134150738;0,178437962666466;0,174077118207992;0,991825178935501;0,0627783868895798;0,0171776258780129;0,0841703668022632
"163";50;20;2,5;2;10;0,133249189969694;0,131610880256952;0,114205826627362;2,40291343498182;0,0910705144596891;0,201593177363141;0,218222120266665;0,212888990983744;0,159159774158529;35,4968057788256;0,105746249934089;0,518156624677036;0,235977466894245;0,230210414785753;0,172202744994168;41,2707987548417;0,114040088538041;0,558796433836403
"164";50;20;2,5;2;4;0,13044135236314;0,12883756524392;0,117040994074247;0,975795218542373;0,0763689729779138;0,169049928024641;0,210588939257242;0,205442357246033;0,162638316486582;5,75099875639329;0,0837794233503729;0,410519174416827;0,227603885663566;0,222041475464015;0,17633691078047;6,70317506492345;0,0896116433840742;0,439097052581963
"165";50;20;2,5;2;2;0,111158010981465;0,109791314125136;0,114076712854893;0,475923969713662;0,059700425865286;0,132152526111433;0,19497860641702;0,190213525250386;0,176184671034584;1,4704788025745;0,0624581835002962;0,306045099151451;0,207334709822376;0,20226765790771;0,189198167450362;1,69698242752251;0,0660223243487927;0,323509389309084
"166";50;20;2,5;2;1;0,0875420164480025;0,0864656801801991;0,114332021836208;0,23867332475792;0,0608581178187511;0,134715186492692;0,177014454596478;0,172688399244458;0,218090840738322;0,412182286548945;0,0479874957418661;0,235138729135144;0,18467805924026;0,180164713093482;0,231162651955477;0,469147242499944;0,0516912062463071;0,253286910606905
"167";50;20;2,5;2;0,1;0,0419078022109202;0,0413925423476711;0,108856531042502;0,0238017438411595;0,012575957430641;0,0278380684667012;0,200865959043547;0,195956996896134;5,83914232227645;0,0584953065070263;0,0166007608137233;0,0813437279872441;0,202622222929697;0,197670339458138;5,85099206662706;0,0590618295169065;0,0167589155190206;0,0821186860432009
"168";50;20;2,5;2;0,5;0,0835483129994843;0,0825210796429334;0,113708924169492;0,118502830463794;0,0493446346037016;0,10922900495952;0,195804881537708;0,191019607037618;0,392263800538159;0,143954391834207;0,0315738657092407;0,154711941975279;0,202785202142768;0,197829335623053;0,405193519973942;0,157997312662137;0,0340087586734135;0,166642917499726
"169";50;20;2,5;2;0,25;0,0802326364772231;0,0792461696352901;0,117805688460837;0,0611782126071818;0,0305521312053483;0,0676300253868444;0,209548898571747;0,204427734109541;1,07461964498438;0,0777557853186069;0,0210273276755575;0,103033905610232;0,215986174527833;0,210707689511406;1,08849782521811;0,0814985590164165;0,0219607603967463;0,107607725944057
"170";50;20;2,5;3;10;0,206625400920848;0,204084924680018;0,177066282667346;3,59896885593692;0,141327824724868;0,31284247602135;0,45835125314635;0,447149609211119;0,334523172010235;76,1347031554457;0,221389709940946;1,08480957871064;0,501045309452052;0,488800265692768;0,365875640467867;89,0872799814496;0,241363263982409;1,18267999351381
"171";50;50;1;0;10;-0,000314250684219145;-0,000311660706052504;-0,000225684993406259;-0,000879418418111858;-0,000157125342109572;-0,000314250684219145;0,0413820490780524;0,040702738330975;0,0209397357922008;2,32245764554602;0,0103455122695131;0,0413820490780524;0,0413821478315449;0,0407028354633707;0,0209397867259171;2,32245841892277;0,0103455369578862;0,0413821478315449
"172";50;50;1;0;4;-2,12137351551633e-06;-2,10388966786155e-06;-1,01034267110681e-05;0,000274498756983814;-1,06068675775821e-06;-2,12137351551643e-06;0,0410598158686019;0,0403857947697445;0,0220484118729962;0,386959827624241;0,0102649539671505;0,0410598158686019;0,0410598158731021;0,0403857947741708;0,0220484119750755;0,386959902973809;0,0102649539682755;0,0410598158731021
"173";50;50;1;0;2;-0,000191397494707712;-0,000189820042828253;-0,000146311129607564;-0,000508470063907516;-9,5698747353856e-05;-0,000191397494707712;0,0414261571574674;0,0407461223502468;0,0268422117159909;0,113309021301217;0,0103565392893668;0,0414261571574674;0,0414261937904684;0,0407461583818955;0,0268422331229376;0,113309279843023;0,0103565484476171;0,0414261937904684
"174";50;50;1;0;1;7,12237666363697e-05;7,06367575706856e-05;-8,22556628846453e-05;0,000262728850152289;3,56118833181848e-05;7,12237666363697e-05;0,0406342757145693;0,0399672401083685;0,0435203322993206;0,0438275350711242;0,0101585689286423;0,0406342757145693;0,0406342807873943;0,03996724509792;0,0435203390653147;0,0438276040975729;0,0101585701968486;0,0406342807873943
"175";50;50;1;0;0,1;4,55916968264474e-05;4,52159410833722e-05;0,000201404951363142;3,42452892044311e-05;2,27958484132237e-05;4,55916968264474e-05;0,0418040347793171;0,0411177968880221;2,35516165499066;0,0211524171359812;0,0104510086948293;0,0418040347793171;0,0418040368579199;0,0411177989325035;2,35516169555461;0,021152418308721;0,01045100921448;0,0418040368579199
"176";50;50;1;0;0,5;-0,000427369919102426;-0,000423847639549384;-0,00108408927847125;-0,000325210956614487;-0,000213684959551213;-0,000427369919102426;0,0411313600442437;0,0404561645055389;0,113511154862647;0,0265897779307456;0,0102828400110609;0,0411313600442437;0,0411315426892915;0,0404563441523605;0,113512330112211;0,0265898836929119;0,0102828856723229;0,0411315426892915
"177";50;50;1;0;0,25;0,000723275745528271;0,000717314681691499;0,00119309195207245;0,000553332610673222;0,000361637872764135;0,000723275745528271;0,0412364530488718;0,0405595323465012;0,39036603170137;0,0221527251141765;0,010309113262218;0,0412364530488718;0,0412369761766759;0,0405600468868538;0,390367455169776;0,0221530312911545;0,010309244044169;0,0412369761766759
"178";50;50;1;1;10;0,0783706288987047;0,0777247171220672;0,0568357998119733;0,570155709977104;0,0391853144493524;0,0783706288987047;0,108921329192914;0,107133321321019;0,055870999929884;5,82220618414317;0,0272303322982285;0,108921329192914;0,115063284666893;0,113174452972725;0,0591013080701507;6,14728371776267;0,0287658211667231;0,115063284666893
"179";50;50;1;1;4;0,0698676540996155;0,0692918217856078;0,0570494673955622;0,229148117065747;0,0349338270498077;0,0698676540996155;0,0978913462507234;0,0962844020554622;0,0564917815713804;0,948954119913717;0,0244728365626809;0,0978913462507234;0,102772835340107;0,101085758621831;0,0597464233014977;1,00146297946849;0,0256932088350267;0,102772835340107
"180";50;50;1;1;2;0,0534319489726083;0,05299157576679;0,0589324198813488;0,114806637082968;0,0267159744863041;0,0534319489726083;0,0791466840167497;0,0778474445096217;0,0612588842487207;0,250987121155254;0,0197866710041874;0,0791466840167497;0,0820016571877612;0,0806555516118692;0,0647319143617923;0,264167685073555;0,0205004142969403;0,0820016571877612
"181";50;50;1;1;1;0,0334307643592309;0,033155236081545;0,057925388739877;0,0574959513794595;0,0167153821796154;0,0334307643592309;0,0599047320544652;0,0589213605397141;0,0785355071331286;0,0781301145174451;0,0149761830136163;0,0599047320544652;0,0610223480601077;0,0600206302193371;0,0818908577937944;0,0814358989424743;0,0152555870150269;0,0610223480601077
"182";50;50;1;1;0,1;0,00812601706227584;0,00805904439418018;0,0610609842456256;0,00588759432286791;0,00406300853113792;0,00812601706227584;0,042185439545448;0,0414929406699246;2,36791689714225;0,0213539434184739;0,010546359886362;0,042185439545448;0,0422514716987444;0,041557888866472;2,37164534093929;0,0213886071853845;0,0105628679246861;0,0422514716987444
"183";50;50;1;1;0,5;0,0262662708638546;0,0260497906094821;0,0572937077406321;0,0291754432734646;0,0131331354319273;0,0262662708638546;0,0503503065051312;0,049523776521972;0,147342470940133;0,0351663596195108;0,0125875766262828;0,0503503065051312;0,0510402234902246;0,0502023681127698;0,150625039886802;0,0360175661097139;0,0127600558725561;0,0510402234902246
"184";50;50;1;1;0,25;0,0180604262985312;0,0179115766312357;0,057223904072905;0,0147329971608117;0,00903021314926561;0,0180604262985312;0,0451065337429533;0,044366083383011;0,423445353845051;0,0244914832704603;0,0112766334357383;0,0451065337429533;0,045432712741038;0,0446869079604276;0,426719929042396;0,0247085444758008;0,0113581781852595;0,045432712741038
"185";50;50;1;2;10;0,157699183511862;0,156399464966434;0,114390474243958;1,12327666691161;0,0788495917559309;0,157699183511862;0,311358907412549;0,30624776727532;0,16064171150125;16,1668409710433;0,0778397268531374;0,311358907412549;0,336227939892857;0,330708559917107;0,173726892099008;17,4285914414714;0,0840569849732143;0,336227939892857
"186";50;50;1;2;4;0,142356292971337;0,141183026820474;0,115788100820617;0,474899530158101;0,0711781464856684;0,142356292971337;0,27036743112181;0,265929190248954;0,161095471392346;2,60559203352027;0,0675918577804526;0,27036743112181;0,290632745270352;0,285861837311145;0,174502355683991;2,83112159726466;0,0726581863175879;0,290632745270352
"187";50;50;1;2;2;0,104092411291079;0,103234506802417;0,114781792326837;0,232345263770462;0,0520462056455395;0,104092411291079;0,195457955507648;0,192249397866443;0,16689066607004;0,666371570743939;0,0488644888769121;0,195457955507648;0,20629318559604;0,202906761261181;0,180065525919801;0,720355892340504;0,0515732963990099;0,20629318559604
"188";50;50;1;2;1;0,0678990652251881;0,0673394575447608;0,117220209436511;0,115512596310587;0,033949532612594;0,0678990652251881;0,118094588716089;0,116155996377773;0,1817824809057;0,182503609690856;0,0295236471790222;0,118094588716089;0,122704871774543;0,120690598920196;0,19552305840604;0,195846769597268;0,0306762179436358;0,122704871774543
"189";50;50;1;2;0,1;0,0161574760823585;0,0160243100706907;0,115239985554388;0,0117093484295733;0,00807873804117926;0,0161574760823585;0,0443805580030404;0,0436520249631251;2,46611247227092;0,0224874882487462;0,0110951395007601;0,0443805580030404;0,0446416220363924;0,0439088034763668;2,4793927265415;0,0226245970893914;0,0111604055090981;0,0446416220363924
"190";50;50;1;2;0,5;0,0535923249198529;0,0531506299342497;0,117549644505182;0,058546692275103;0,0267961624599264;0,0535923249198529;0,0792282769233433;0,0779276980205215;0,250474539586909;0,0611833391714153;0,0198070692308358;0,0792282769233433;0,0821004142136584;0,0807526874829291;0,264292458510204;0,0646110543477709;0,0205251035534146;0,0821004142136584
"191";50;50;1;2;0,25;0,0354289675621307;0,0351369705767285;0,116415082450617;0,0288714793642174;0,0177144837810653;0,0354289675621307;0,0555838618534511;0,0546714199719509;0,528826408835606;0,0308444637275713;0,0138959654633628;0,0555838618534511;0,0568390735959697;0,0559060266732608;0,54237888025759;0,0316780260482498;0,0142097683989924;0,0568390735959697
