"n1";"n2";"n1/n2";"m1-m2";"sd1/sd2";"bias_Cohen";"bias_Hedge";"bias_Glass1";"bias_Glass2";"bias_Shieh";"bias_Shieh_corr";"eff_Cohen";"eff_Hedge";"eff_Glass1";"eff_Glass2";"eff_Shieh";"eff_Shieh_corr";"MSE_Cohen";"MSE_Hedge";"MSE_Glass1";"MSE_Glass2";"MSE_Shieh";"MSE_Shieh_corr"
"1";100;100;1;0;10;0,00982471616302889;0,00978613743464003;0,00706799130055538;-0,009687749352317;0,00491235808151445;0,00982471616302889;0,0208391665351013;0,0206758294779721;0,0105434662664135;1,12616631667715;0,00520979163377533;0,0208391665351013;0,0209356915827854;0,0207715979638618;0,0105934227674383;1,12626016916466;0,00523392289569635;0,0209356915827854
"2";100;100;1;0;4;0,00846945273602362;0,00843619572266227;0,00676318273649711;-0,00915257138047046;0,00423472636801181;0,00846945273602362;0,0207605328672112;0,020597812139525;0,0111546885124989;0,188541254205275;0,00519013321680279;0,0207605328672112;0,0208322644968589;0,0206689815377961;0,0112004291532262;0,18862502376815;0,00520806612421473;0,0208322644968589
"3";100;100;1;0;2;0,00586790226870856;0,00584486076765342;0,00696047858834735;-0,00813119245310167;0,00293395113435428;0,00586790226870856;0,0205282447616174;0,0203673447044226;0,0132747946423444;0,0555240551009938;0,00513206119040435;0,0205282447616174;0,0205626770386525;0,0204015071018158;0,0133232429045232;0,0555901713917031;0,00514066925966313;0,0205626770386525
"4";100;100;1;0;1;0,00014203017425598;0,000141472464147645;0,00750598762155655;-0,00720631083028601;7,10150871279901e-05;0,00014203017425598;0,0201441262275829;0,0199862368853719;0,0215473468159502;0,0215283591202226;0,00503603155689572;0,0201441262275829;0,0201441464001533;0,01998625689983;0,0216036866661252;0,0215802900360053;0,00503603660003832;0,0201441464001533
"5";100;100;1;0;0,1;-0,010155166531373;-0,0101152902230037;0,0067987012183879;-0,00730377107270479;-0,00507758326568648;-0,010155166531373;0,0207794525488183;0,0206165835289675;1,11904106003492;0,0105137749244734;0,00519486313720459;0,0207794525488183;0,0208825799560983;0,0207189026252631;1,11908728237317;0,0105671199963559;0,00522064498902456;0,0208825799560983
"6";100;100;1;0;0,5;-0,00687952114533152;-0,00685250731884461;0,00615718831398901;-0,00776157647569799;-0,00343976057266576;-0,00687952114533152;0,0204788486596145;0,0203183357682846;0,0548536468125966;0,0132682063364487;0,00511971216490363;0,0204788486596145;0,0205261764708036;0,0203652926248394;0,0548915577805306;0,0133284484058368;0,0051315441177009;0,0205261764708036
"7";100;100;1;0;0,25;-0,00875827488450949;-0,00872388375276404;0,00856093965106024;-0,00697961912382781;-0,00437913744225475;-0,00875827488450949;0,0207250666356576;0,0205626238917325;0,187800860761569;0,0111364026409852;0,0051812666589144;0,0207250666356576;0,0208017740146102;0,0206387300394642;0,187874150449278;0,0111851177240989;0,00520044350365256;0,0208017740146102
"8";100;100;1;1;10;0,0702894701571977;0,0700134643843291;0,0508181651076351;0,442820668957111;0,0351447350785988;0,0702894701571977;0,0951994237573172;0,0944532521822341;0,0488030156589273;3,38452432438261;0,0237998559393293;0,0951994237573172;0,100140033372297;0,0993551373773298;0,0513855015638341;3,58061446923823;0,0250350083430742;0,100140033372297
"9";100;100;1;1;4;0,0634392160185679;0,0631901091493849;0,0512207648352254;0,167636097995479;0,031719608009284;0,0634392160185679;0,086136068525728;0,0854609353853515;0,0499023613366623;0,520522693948999;0,021534017131432;0,086136068525728;0,0901606026547786;0,0894539252796627;0,0525259280869678;0,548624555300149;0,0225401506636946;0,0901606026547786
"10";100;100;1;1;2;0,046035802121374;0,0458550332648764;0,0504152089844896;0,0800142784582132;0,023017901060687;0,046035802121374;0,062814615797778;0,0623222758343812;0,0514395999240755;0,122571365075142;0,0157036539494445;0,062814615797778;0,0649339108747363;0,0644249599101041;0,0539812932210253;0,12897364983233;0,0162334777186841;0,0649339108747363
"11";100;100;1;1;1;0,025507500790054;0,0254073404466376;0,0504909731592347;0,0356752060217946;0,012753750395027;0,025507500790054;0,0342496793245861;0,0339812308806872;0,0595005401938418;0,0316215522648787;0,00856241983114652;0,0342496793245861;0,0349003119211407;0,0346267638292586;0,0620498785644083;0,0328942725895762;0,00872507798028518;0,0349003119211407
"12";100;100;1;1;0,1;-0,00353324868852567;-0,00351937467535082;0,0557623815918888;-0,00251825976242073;-0,00176662434426283;-0,00353324868852567;0,0186763234544931;0,0185299387271619;1,1679645377461;0,009437523317631;0,00466908086362327;0,0186763234544931;0,018688807300788;0,0185423247252674;1,1710739809469;0,00944386494986202;0,00467220182519701;0,018688807300788
"13";100;100;1;1;0,5;0,0144020122975308;0,0143454598932211;0,0527448433905271;0,0148636695685525;0,0072010061487654;0,0144020122975308;0,0199204693781394;0,0197643330547707;0,093661013740867;0,0122025803648567;0,00498011734453484;0,0199204693781394;0,0201278873363576;0,0199701252743187;0,0964430322451583;0,0124235090378999;0,0050319718340894;0,0201278873363576
"14";100;100;1;1;0,25;0,00359863789112347;0,00358450711406405;0,0476810556713612;0,00314569217321287;0,00179931894556173;0,00359863789112347;0,0173784583883214;0,0172422463068157;0,228294464904383;0,00919908778469482;0,00434461459708036;0,0173784583883214;0,0173914085829929;0,0172550949980665;0,230567947974319;0,00920898316394343;0,00434785214574822;0,0173914085829929
"15";100;100;1;2;10;0,133781949655098;0,133256627863259;0,096790765462444;0,877803808632301;0,066890974827549;0,133781949655098;0,261820377374996;0,259768233405377;0,134670032703303;10,5352580499783;0,0654550943437489;0,261820377374996;0,279717987428515;0,277525562274864;0,144038484982108;11,3057975764277;0,0699294968571287;0,279717987428515
"16";100;100;1;2;4;0,11690116454636;0,116442128559922;0,0944002081320052;0,349897088585056;0,0584505822731802;0,11690116454636;0,230905810252845;0,229095974170523;0,136144030677918;1,61765362131589;0,0577264525632113;0,230905810252845;0,24457169252514;0,242654743474089;0,145055429973284;1,74008159391619;0,0611429231312851;0,24457169252514
"17";100;100;1;2;2;0,0871806195802982;0,0868382873044595;0,0952241088481083;0,164653274558021;0,0435903097901491;0,0871806195802982;0,159269939736024;0,158021584471825;0,136980436324146;0,385954719817236;0,0398174849340061;0,159269939736024;0,166870400166429;0,165562472613797;0,146048067230063;0,413065420639915;0,0417176000416073;0,166870400166429
"18";100;100;1;2;1;0,052472896716345;0,0522668513103908;0,0944465464531978;0,0812095897931053;0,0262364483581725;0,052472896716345;0,0772516739254792;0,0766461765292163;0,146056318797061;0,0909564190768833;0,0193129184813698;0,0772516739254792;0,0800050788152834;0,0793780002751188;0,154976468933997;0,0975514165512477;0,0200012697038208;0,0800050788152834
"19";100;100;1;2;0,1;0,00183409039042559;0,00182688846480872;0,0926311787341287;0,00137946469306136;0,000917045195212796;0,00183409039042559;0,0171486028073625;0,0170141923302585;1,23759345231847;0,00866114348294668;0,00428715070184063;0,0171486028073625;0,0171519666949228;0,0170175298517214;1,24617398759215;0,00866304640578609;0,00428799167373069;0,0171519666949228
"20";100;100;1;2;0,5;0,0331248078991224;0,0329947366639163;0,0933818401319861;0,0357030160743512;0,0165624039495612;0,0331248078991224;0,033386597325041;0,0331249137041801;0,179835708068026;0,0233654079219652;0,00834664933126026;0,033386597325041;0,0344838502233948;0,0342135663517013;0,188555876134461;0,0246401132787705;0,0086209625558487;0,0344838502233948
"21";100;100;1;2;0,25;0,0170607061039315;0,0169937138024763;0,0906352504741594;0,0140660493231071;0,00853035305196576;0,0170607061039315;0,0189687954036267;0,0188201182857921;0,312687093288578;0,0102229553145399;0,00474219885090668;0,0189687954036267;0,0192598630963914;0,0191089045945926;0,320901841917092;0,0104208090581;0,00481496577409786;0,0192598630963914
"22";100;20;5;0;10;0,00751890386797454;0,0074681004634612;0,00691950195912127;-0,0338693697246459;0,00566247392198534;0,0151940119324549;0,0131804487238314;0,0130029362889551;0,0110855473446633;1,46920030905156;0,00871535283403545;0,0627505404050552;0,0132369826392072;0,0130587088134874;0,0111334268520256;1,4703474432571;0,00874741644495261;0,0629813984036588
"23";100;20;5;0;4;0,00852077739697709;0,00846320457672724;0,00809212993942874;-0,0245186038429497;0,00370020241307123;0,00992868495136323;0,0163231891409103;0,016103350718861;0,0139400215483899;0,281006085983659;0,00854333513026632;0,0615120129379175;0,0163957927883591;0,0161749765505685;0,0140055041153465;0,281607247918067;0,00855702662816402;0,0616105917227809
"24";100;20;5;0;2;0,00495322266428599;0,00491975494358135;0,00595271796551055;-0,0306768186105871;-0,00299949533733334;-0,0080484905669652;0,0268802997676228;0,0265182796602703;0,0242786435343344;0,114141931822522;0,00861000236351085;0,0619920170172781;0,0269048341823848;0,0265424836489752;0,0243140783855113;0,115082999022588;0,00861899933578953;0,0620567952176846
"25";100;20;5;0;1;-0,00055004213005804;-0,00054632562917927;0,0062404886989876;-0,0290010311230643;-0,00797317698545821;-0,0213942788833457;0,0612072448517789;0,0603829142623307;0,0661946068040176;0,0722852300742053;0,00908804431247542;0,0654339190498231;0,0612075473981238;0,0603832127340238;0,0662335505032198;0,0731262898804062;0,00915161586371686;0,0658916342187614
"26";100;20;5;0;0,1;-0,0657168874245347;-0,0652728544013959;-0,000787724369269401;-0,0290511441327003;-0,0118126660346647;-0,0316967090988159;0,335523581219768;0,331004796684531;5,60078335161041;0,0586869242248466;0,00974741522300464;0,0701813896056334;0,339842290512537;0,335265342206237;5,6007839721201;0,0595308932002656;0,00988695430185116;0,0711860709733284
"27";100;20;5;0;0,5;-0,0171651093396827;-0,0170491288711713;0,00678246700758258;-0,0283369557338774;-0,0104110564112015;-0,0279357958236379;0,140643177453409;0,138749014864441;0,23306541903841;0,0616798871646209;0,00947085228091843;0,0681901364226127;0,140937818432052;0,139039687659707;0,233111420897119;0,0624828702248846;0,00957924237651565;0,0689705451109127
"28";100;20;5;0;0,25;-0,0405975839076511;-0,040323275908275;0,0093713199089042;-0,0270808117423784;-0,0107675732366737;-0,0288924308518918;0,247225393935093;0,24389579700253;0,903650636621565;0,0590919280687406;0,00964101479998775;0,0694153065599118;0,248873557754231;0,245521763582505;0,9037384582584;0,0598252984333667;0,00975695543339488;0,0702500791204432
"29";100;20;5;1;10;0,0564225696718579;0,0560413360929941;0,0519091446725284;1,38345812472788;0,0431072691714398;0,115668941030064;0,0581106244396724;0,0573279986996385;0,0490068722835411;10,2361296271688;0,0365011329044191;0,262808156911817;0,0612941308080481;0,0604686300507264;0,0517014315841745;12,1500860100443;0,038359369559838;0,276187460830834
"30";100;20;5;1;4;0,0545331237953368;0,0541646567426655;0,0513310428268297;0,536467532035569;0,0344756942489431;0,0925079950945626;0,0600493564240814;0,0592406201135854;0,052113055234017;1,52672361431111;0,026831494014707;0,19318675690589;0,063023218014959;0,0621744301536362;0,0547479311917069;1,81452102723944;0,0280200675086536;0,201744486062306
"31";100;20;5;1;2;0,0516848616556642;0,05133563961745;0,0528310244797141;0,252898716212011;0,0331797173675302;0,0890305242096334;0,0652466674837105;0,0643679345167778;0,0626640005042355;0,368659834216015;0,0180921192299916;0,13026325845594;0,0679179924080757;0,0670032824117105;0,0654551176518116;0,432617594877698;0,0191930128745808;0,138189692696982
"32";100;20;5;1;1;0,0383293582649542;0,0380703761145154;0,0507207955882036;0,112873271356193;0,0289019072157214;0,0775519550564936;0,0828022192122669;0,0816870505367913;0,104066477863747;0,106424756739621;0,0116557169990639;0,0839211623932597;0,0842713589172701;0,0831364040742919;0,106639076968847;0,119165132126269;0,01249103723977;0,0899354681263441
"33";100;20;5;1;0,1;-0,0335890300527097;-0,0333620771469481;0,0480737589162508;-0,0142762300685005;-0,00581495698518561;-0,0156031669261347;0,310156803513742;0,305979655183;5,64562544453178;0,0539168695512781;0,0089575983270312;0,0644947079546247;0,311285026453623;0,307092683374559;5,64793653082812;0,0541206802962468;0,00899141205177076;0,0647381667727495
"34";100;20;5;1;0,5;0,0200286155484132;0,0198932870649779;0,0491985281451861;0,0406764695889401;0,0141701890269512;0,0380226071019414;0,134619538575868;0,132806501510497;0,274031116986418;0,0555911843233215;0,00849712206307924;0,0611792788541705;0,135020684016654;0,133202244380747;0,27645161215807;0,0572457595015415;0,00869791632013877;0,0626249975049991
"35";100;20;5;1;0,25;0,000988517966615032;0,00098183879116498;0,048619010609773;0,0061464226586247;0,00230944940387838;0,00619690302920206;0,218139093227503;0,215201226513565;0,937270037539242;0,0499005708815151;0,00816352546328398;0,0587773833356446;0,218140070395274;0,215202190520976;0,939633845731915;0,0499383493930135;0,00816885901983305;0,058815784942798
"36";100;20;5;2;10;0,103486589396612;0,102787355684473;0,0952206759786658;2,78400721981946;0,0789926200962776;0,211959441907311;0,160937355423341;0,158769873691699;0,135804394569678;37,3720578796725;0,100101195021312;0,720728604153446;0,171646829608284;0,169335114180305;0,144871371703512;45,1227540796793;0,106341029050987;0,765655409167105
"37";100;20;5;2;4;0,100756649675138;0,100075861501657;0,0948831008464954;1,08601961025938;0,0646468173332675;0,173465613703437;0,160009991079387;0,157854998960668;0,139254040092041;5,73447197600741;0,072286837924626;0,520465233057307;0,170161893533145;0,167870177015967;0,148256842918287;6,91391056987534;0,0764660489159469;0,550555552194817
"38";100;20;5;2;2;0,0949555862587292;0,0943139944596836;0,096066630361848;0,534557774335551;0,0684562793686025;0,183687472985894;0,154039491766713;0,151964909495385;0,14836874763838;1,37088541676541;0,0506650277975572;0,364788200142412;0,163056055128452;0,160860039046326;0,15759754510746;1,65663743086799;0,0553512899825494;0,398529287874355
"39";100;20;5;2;1;0,0754218717937887;0,0749122645519389;0,0933854091616038;0,251553463939262;0,0646459624332517;0,173463319765979;0,147461925135015;0,14547592860859;0,192062655066204;0,325554479824551;0,0297446215785407;0,214161275365493;0,153150383879894;0,151087775988889;0,200783489710484;0,388833625044392;0,0339237220374621;0,244250798669728
"40";100;20;5;2;0,1;-0,000280327023489291;-0,000278432921979266;0,102609016273529;0,000965102173048377;0,000373456445769679;0,00100208879925179;0,289387186047741;0,285489760012127;5,73878717823129;0,0501406736916082;0,00833144575812966;0,0599864094585336;0,289387264630981;0,285489837537019;5,74931578845191;0,0501416051138126;0,00833158522784655;0,0599874136404951
"41";100;20;5;2;0,5;0,0612166621915937;0,0608030360957046;0,0946694268869721;0,112965418624219;0,0400240277758467;0,10739573620816;0,162779737200351;0,160587442529327;0,359755407920709;0,0968944551078387;0,0138860007610943;0,0999792054798788;0,166527216930231;0,164284451727783;0,368717708307817;0,109655640912784;0,015487923560496;0,111513049635571
"42";100;20;5;2;0,25;0,0484925679222583;0,0481649154362973;0,0981046226400042;0,0423313715648138;0,0165814390074754;0,0444926697425779;0,216719546057464;0,213800797605723;1,03461791877348;0,0526116920181877;0,00855811758215634;0,0616184465915257;0,219071075201159;0,216120656684708;1,04424243575681;0,054403637036746;0,00883306170171497;0,0635980442523478
"43";100;50;2;0;10;0,00921186138811018;0,00916286212540747;0,00760205392546481;-0,0105573360407066;0,00599138121819161;0,012709638864171;0,0157749221688129;0,0156075501731897;0,0106152273287564;1,20934602829583;0,0069117640464857;0,0311029382091857;0,0158597805590467;0,015691508215519;0,0106730185526421;1,20945748564011;0,0069476606953874;0,0312644731292433
"44";100;50;2;0;4;0,00797414477144267;0,00793172910776478;0,00700133099910425;-0,0138104067394699;0,0044025870706139;0,00933929751718593;0,0169252471305477;0,0167456701818731;0,0117626955877133;0,209660989232773;0,00682344222227609;0,0307054900002424;0,0169888341153836;0,0168085825085121;0,0118117142234723;0,209851716567082;0,00684282499519043;0,0307927124783569
"45";100;50;2;0;2;0,00630343176793696;0,00626990287555431;0,00721883311748505;-0,0130417961060045;0,0017096271634915;0,00362666688181668;0,020687970698205;0,0204684712354439;0,0160067359628005;0,0692081417183665;0,0067722499808175;0,0304751249136788;0,020727703950258;0,0205077829175128;0,0160588475143786;0,0693782301640371;0,00677517280585565;0,0304882776263504
"46";100;50;2;0;1;0,000151127419345454;0,000150323550093616;0,00737474815889486;-0,0131946240895163;-0,00279468050299656;-0,0059284126047561;0,030385629477819;0,0300632378115056;0,0326997828826442;0,0334990344150032;0,00682393329843852;0,0307076998429733;0,0303856523173159;0,0300632604086753;0,0327541697930513;0,0336731325198668;0,00683174353755235;0,0307428459189856
"47";100;50;2;0;0,1;-0,0213880865524553;-0,021274320134623;0,0109669411022455;-0,0127492230167866;-0,00729562765235926;-0,015476363357986;0,0640143064875791;0,0633351144059572;2,24807220779763;0,0217555213449231;0,00720423233249706;0,0324190454962368;0,0644717567339544;0,0637877111031477;2,24819248159477;0,0219180640324549;0,00725745851533893;0,0326585633190252
"48";100;50;2;0;0,5;-0,0106848743769197;-0,0106280399387446;0,00708933423196367;-0,0133584336736703;-0,00608884591208324;-0,0129163927021021;0,0460377628008102;0,0455493019290837;0,100061470957793;0,0246492010841896;0,0070533425108096;0,0317400412986432;0,0461519293412608;0,0456622571620232;0,100111729617646;0,0248276488344034;0,00709041655535069;0,0319068744990781
"49";100;50;2;0;0,25;-0,0198333093416954;-0,0197278130154098;0,00430142649515348;-0,0139939212201098;-0,00764632137309592;-0,0162202970821433;0,0578324262342096;0,057218823930061;0,368302159485544;0,0222332129084137;0,00711700776886541;0,0320265349598943;0,058225786393653;0,057608010536432;0,368320661755437;0,0224290427395284;0,00717547399940607;0,0322896329973273
"50";100;50;2;1;10;0,0617700755032948;0,0614415112718945;0,051097255240619;0,709390552779816;0,0399189821437405;0,0846809489157108;0,0726627068704535;0,0718917552216186;0,0492243407326239;5,11666199724552;0,0312425729334313;0,140591578200441;0,0764782490981362;0,0756668145289929;0,0518352702257488;5,61989695361877;0,0328360980688236;0,147762441309706
"51";100;50;2;1;4;0,0592644146568981;0,058949178408723;0,0519130046526355;0,273844201827342;0,0335983688116162;0,0712729032705011;0,0694356753645897;0,0686989625346406;0,0502528191017105;0,773905624454336;0,0255834623769808;0,115125580696414;0,0729479462092144;0,072173968169704;0,0529477791537751;0,84889627132879;0,0267123127637822;0,12020540743702
"52";100;50;2;1;2;0,0484571509450726;0,0481994001421735;0,0505349205331589;0,131411520348704;0,0229858721393162;0,0487603981835925;0,061119064328011;0,0604705907788088;0,0541732154549726;0,183592174116179;0,0167607004401813;0,0754231519808156;0,0634671598057246;0,0627937729528741;0,0567269936482652;0,200861161796537;0,0172890507581863;0,0778007284118381
"53";100;50;2;1;1;0,0329292655857205;0,0327541099177112;0,0511791997230615;0,0601282246245507;0,0170502024431573;0,0361689413044799;0,0483109491874783;0,0477983697978986;0,0708858889011947;0,04920951074781;0,00946317670661901;0,0425842951797855;0,0493952857194932;0,0488712015144001;0,0735051993854877;0,0528249141443105;0,00975388610997166;0,0438924874948725
"54";100;50;2;1;0,1;-0,010569902474631;-0,0105136795891277;0,0496434462681707;-0,00619025580980276;-0,00355847353204002;-0,00754866229553501;0,0577840669761442;0,0571709777639425;2,29156396492148;0,0195897110744098;0,00649110453400814;0,0292099704030366;0,0578957898144674;0,0572815152224454;2,29402843667886;0,0196280303414006;0,00650376726788637;0,0292669527054886
"55";100;50;2;1;0,5;0,0182328094526455;0,0181358264236421;0,0505460928168209;0,0225958620463159;0,00975473740050875;0,0206929228937813;0,0435413311845317;0,043079357463555;0,138083371983911;0,0219850319808693;0,00634102247187124;0,0285346011234206;0,0438737665250682;0,0434082656636235;0,140638279482958;0,0224956049624855;0,00643617737362413;0,0289627981813086
"56";100;50;2;1;0,25;0,00481177965100554;0,00478618507839379;0,0504348541196238;0,00447369982604706;0,00226008553463816;0,00479436542281281;0,0492508773899646;0,0487283253579016;0,40822660388449;0,0185099383454346;0,00596195598343965;0,0268288019254784;0,0492740306133745;0,0487512329255062;0,410770278394557;0,0185299523355681;0,00596706397006353;0,0268517878652859
"57";100;50;2;2;10;0,114263317055391;0,113655533454032;0,0945467060563203;1,43515874075712;0,0737934072915027;0,156539456108047;0,199431556340983;0,197315586625392;0,135329188539015;17,2495818953339;0,085364188493653;0,384138848221439;0,212487661965484;0,210233166910112;0,144268268165115;19,3092625065055;0,0908096554533427;0,408643449540042
"58";100;50;2;2;4;0,10993862625234;0,109353846325466;0,0961889599957106;0,571781063537964;0,0626585283895917;0,13291881097035;0,18627475050072;0,184298374554654;0,135786945957481;2,66761448757999;0,0676507839366323;0,304428527714846;0,198361252042972;0,196256638260827;0,145039261982538;2,99454807220059;0,0715768751165816;0,322095938024617
"59";100;50;2;2;2;0,0904029876197963;0,0899221206643719;0,0933399778793711;0,276622152971666;0,0444216296416649;0,0942325066529355;0,156392401642259;0,154733077552857;0,141505493653329;0,628239489249557;0,0427866727613115;0,192540027425902;0,164565101812844;0,162819065337634;0,15021784512385;0,704759304764237;0,0447599539413328;0,201419792735997
"60";100;50;2;2;1;0,064170850928285;0,0638295166148366;0,0931438373737659;0,131726684919022;0,0361496794881908;0,0766850505114598;0,100764285697909;0,0996951761705007;0,156095257319835;0,147496912748929;0,0218541143689754;0,0983435146603895;0,104882183806769;0,103769383361784;0,164771031760545;0,164848832268685;0,0231609136960744;0,104224111632335
"61";100;50;2;2;0,1;0,00237457190591561;0,00236194120428834;0,0955445621038078;0,00161961028846266;0,000896556813431537;0,00190188420748932;0,0536377998667921;0,0530687025673906;2,35024222495319;0,0181682768591012;0,00602140243788873;0,0270963109704993;0,0536434384585285;0,0530742813336431;2,3593709883008;0,0181708999965877;0,00602220625200844;0,027099928134038
"62";100;50;2;2;0,5;0,0465096295529086;0,0462622379063506;0,0930201957189918;0,0579506828612057;0,0253306339587093;0,0537343891318727;0,063746923085048;0,0630705679425375;0,22266265674758;0,0404964597751258;0,0105277995932504;0,0473750981696266;0,0659100687261968;0,0652107625986413;0,23131541355918;0,0438547414192058;0,0111694406100005;0,0502624827450021
"63";100;50;2;2;0,25;0,030161199708818;0,0300007677954732;0,0981548651425075;0,0233757492863897;0,0124098821205414;0,0263253354034817;0,0508471391179921;0,0503076507417685;0,493665753353045;0,0196964873565677;0,0062780834139018;0,0282513753625581;0,0517568370858673;0,0512076968100864;0,503300130904188;0,0202429130112679;0,00643208858814753;0,0289443986466639
"64";20;100;0,2;0;10;0,0647269003330237;0,0642895564118546;0,0285750667592268;-0,00151830017300271;0,0116199792609477;0,0311796762295403;0,335924847287472;0,331400658557112;0,0586989019159516;5,62411704742818;0,00974995924987515;0,0701997065991011;0,340114418914193;0,335533805620745;0,0595154363562459;5,62411935266359;0,00988498316790001;0,0711718788088801
"65";20;100;0,2;0;4;0,0418896488218672;0,0416066106541519;0,0276813962653441;-0,00585647995309395;0,0110108190273592;0,0295451277997479;0,246203242885884;0,242887412140297;0,0588364361140071;0,89600320966074;0,00959943529986384;0,0691159341590196;0,247957985564304;0,244618522190424;0,0596026958132061;0,89603750801818;0,00972067343551709;0,0699888487357231
"66";20;100;0,2;0;2;0,0161662323144797;0,0160570010150575;0,0276133871140598;-0,00750810707480699;0,0101323748682004;0,0271880147745678;0,140430390784786;0,138539093976828;0,0617102601236055;0,230589171725319;0,00947420418627266;0,0682142701411632;0,140691737852032;0,138796921258425;0,0624727592715164;0,230645543397166;0,0095768692067424;0,0689534582885453
"67";20;100;0,2;0;1;-0,000480737984380678;-0,000477489754756484;0,0281015912440637;-0,00743475570428203;0,00761761959844894;0,0204402182986398;0,0614203695399358;0,0605931686170778;0,0726081812220177;0,0667391175851213;0,00910781171484508;0,0655762443468846;0,0614206006489454;0,0605933966135437;0,0733978806524662;0,0667943931775037;0,00916583984319176;0,0659940468709807
"68";20;100;0,2;0;0,1;-0,00753278815631863;-0,00748189093904621;0,0313972701918176;-0,00693218256705676;-0,00567995316060963;-0,0152409136513655;0,0130017184275659;0,0128266131072531;1,42505766405151;0,0109357006326282;0,00859337560827147;0,0618723043795546;0,0130584613249739;0,0128825917992769;1,426043452627;0,0109837557877712;0,00862563747617819;0,062104589828483
"69";20;100;0,2;0;0,5;-0,0063060316763211;-0,00626342335418379;0,0281625554315823;-0,0072716519896336;0,00227799343495184;0,00611249780742067;0,0269195208328483;0,0265569725016901;0,113745764721181;0,0243820486148706;0,00858142244850097;0,061786241629207;0,0269592868683511;0,0265962029738038;0,114538894249618;0,024434925537529;0,00858661170259065;0,0618236042586527
"70";20;100;0,2;0;0,25;-0,00798798873189449;-0,00793401583505736;0,02674063462986;-0,00759214444662226;-0,00330100307419011;-0,00885752072138984;0,0163849656219359;0,0161642952029041;0,283207725235863;0,013984730321673;0,00856718877805331;0,0616837592019839;0,0164487735859167;0,0162272438101751;0,283922786776271;0,0140423709789714;0,00857808539934913;0,0617622148753137
"71";20;100;0,2;1;10;0,366080833882744;0,363607314734888;0,167727626208057;0,429496092204715;0,0680989898927419;0,18272876471909;1,10276682568623;1,08791491673912;0,209409665976224;7,87468792937135;0,0346541897471443;0,249510166179439;1,23678200262251;1,22012519606784;0,237542222569614;8,05915482259047;0,039291662171556;0,282899967635203
"72";20;100;0,2;1;4;0,224596848974208;0,223079302697355;0,169747438597474;0,168223477311282;0,0669992967801197;0,179777978454036;0,635554833632399;0,626995270268558;0,211274379892517;1,22810219170477;0,0337170969185436;0,242763097813514;0,685998578201542;0,676759645560497;0,24008857280292;1,25640133002347;0,0382060026875741;0,275083219350534
"73";20;100;0,2;1;2;0,0962693736493185;0,0956189049084448;0,170073246318538;0,0822870609843274;0,0610103444873471;0,163707933125265;0,257877206851003;0,254404152795988;0,214444164112957;0,299775666069883;0,0303429649462289;0,218469347612848;0,267144999153835;0,263547127771878;0,243369073226283;0,306546826475321;0,0340652270806937;0,245269634980995
"74";20;100;0,2;1;1;0,0360895983593692;0,0358457497218059;0,166026300303127;0,0350344725185652;0,0432087164609409;0,115941152672614;0,0813331090937756;0,0802377261873355;0,223535878311664;0,0762484901669779;0,0221201103844438;0,159264794767996;0,0826355682035162;0,0815226439604538;0,251100610704008;0,077475904431632;0,0239871035626458;0,17270714565105
"75";20;100;0,2;1;0,1;-0,0033606465533582;-0,00333793948205173;0,164105663248108;-0,00309006773892513;-0,00253996076884229;-0,00681542992717679;0,0117314517366676;0,011573454189995;1,60281577987175;0,00986262557464675;0,00782477853226093;0,0563384054322787;0,0117427456819242;0,0115845960299809;1,62974644858186;0,0098721740932779;0,00783122993296819;0,056384855517371
"76";20;100;0,2;1;0,5;0,0150054008418428;0,0149040129983167;0,166089983783936;0,0141681980306382;0,0193999559520113;0,0520555443230387;0,0270910871499707;0,0267262281877153;0,266068798058794;0,0235474601644912;0,0125886418183241;0,0906382210919334;0,027316249204395;0,0269483577911693;0,293654680772142;0,0237481979999266;0,0129650001092641;0,0933480007867013
"77";20;100;0,2;1;0,25;0,00406767297478466;0,00404018869792805;0,169305703556809;0,00373627426658368;0,00474564983913559;0,0127339147652616;0,014010106582485;0,0138214204319265;0,432029687382039;0,0118772738201171;0,00814151242665369;0,0586188894719065;0,0140266525459148;0,0138377435566414;0,460694108638906;0,0118912335655122;0,00816403361904937;0,0587810420571555
"78";20;100;0,2;2;10;0,671283969250357;0,666748266755422;0,308529491909713;0,860061816065773;0,125248527797737;0,336077066685014;2,81536517513118;2,77744823180285;0,549829150899029;14,8476838041486;0,0908782200935432;0,654323184673511;3,26598734250369;3,22200148302421;0,645019598277095;15,5873901316029;0,106565413809044;0,767270979425114
"79";20;100;0,2;2;4;0,403167335156075;0,400443231540156;0,309824835603782;0,340769086702956;0,122154247097768;0,327774240301099;1,45969900521039;1,4400399837286;0,552783004749869;2,33620626753592;0,0875286274589774;0,630206117704637;1,62224290534724;1,60039476541493;0,64877443350678;2,45232983798829;0,102450287543;0,7376420703096
"80";20;100;0,2;2;2;0,173043239433647;0,171874028356393;0,306920573856014;0,170911708573291;0,109932694088992;0,294980372319211;0,516266640995569;0,509313634280189;0,551825899045548;0,561704576893677;0,0762311157719271;0,548864033557875;0,54621060370926;0,538854315903643;0,646026137701653;0,590915389021119;0,0883163130015911;0,635877453611456
"81";20;100;0,2;2;1;0,0770524415058871;0,076531816901118;0,307577169459169;0,0818644243570952;0,0802160961137722;0,215242372560062;0,143394679024495;0,141463459598261;0,56228074742611;0,135191994814327;0,0509792783359101;0,367050804018553;0,149331757766513;0,147320578596448;0,656884462598624;0,141893778789646;0,0574139004116441;0,413380082963837
"82";20;100;0,2;2;0,1;0,0016637094376607;0,00165246815767653;0,30956614591295;0,00153164024385638;0,00131360731117583;0,00352477829223585;0,0109280718775126;0,0107808941381104;1,96244508726289;0,0091850487819147;0,00733761706900324;0,0528308428968233;0,0109308398066055;0,0107836247891225;2,05827628595829;0,0091873947037513;0,00733934263317121;0,0528432669588327
"83";20;100;0,2;2;0,5;0,0367298289129614;0,0364816543932791;0,306059280516415;0,0360593079461087;0,0366361314756927;0,0983050564947221;0,0396622413592055;0,0391280758551438;0,606372459682975;0,0344691224273076;0,0221961239963569;0,15981209277377;0,0410113216911809;0,0404589869624145;0,700044742873201;0,0357693961168599;0,0235383301258611;0,1694759769062
"84";20;100;0,2;2;0,25;0,0154258527281459;0,0153216239934962;0,309088414531324;0,0144238412215812;0,012255911052008;0,0328860602861771;0,015239627167679;0,0150343820063173;0,775545125822754;0,0128962542638376;0,00948251912711543;0,0682741377152311;0,0154775841000694;0,0152691341681154;0,871080773820242;0,0131043014594229;0,00963272648283016;0,0693556306763772
"85";20;20;1;0;10;0,0401234245314629;0,039152696518605;0,0289804457374522;-0,0210243874620388;0,0200617122657315;0,0401234245314629;0,116873430225495;0,111286673512713;0,0594408313354228;7,062140282937;0,0292183575563738;0,116873430225495;0,118483319421627;0,112819607157391;0,0602806975705643;7,06258230780515;0,0296208298554068;0,118483319421627
"86";20;20;1;0;4;0,0344375635657844;0,0336043967053219;0,0280936060247462;-0,0263739663965946;0,0172187817828922;0,0344375635657844;0,113395246209295;0,107974752845362;0,0627650615251523;1,16597702400929;0,0283488115523237;0,113395246209295;0,114581191993642;0,109104008323291;0,063554312224626;1,16667261011278;0,0286452979984106;0,114581191993642
"87";20;20;1;0;2;0,0214986035983526;0,0209784760919409;0,0271880638234972;-0,0296797993910784;0,0107493017991763;0,0214986035983526;0,108958872400402;0,103750445552438;0,0764796544661967;0,338602888031761;0,0272397181001005;0,108958872400402;0,109421062357081;0,104190542011578;0,0772188452806673;0,339483778523655;0,0273552655892703;0,109421062357081
"88";20;20;1;0;1;0,000696938154267004;0,000680076747308933;0,028377718149854;-0,0272868808824759;0,000348469077133502;0,000696938154267004;0,105228031082969;0,100197945049802;0,127464660952708;0,129022448149383;0,0263070077707423;0,105228031082969;0,10522851680576;0,100198407554184;0,128269955840101;0,129767022017677;0,02630712920144;0,10522851680576
"89";20;20;1;0;0,1;-0,038541160210306;-0,0376087127858631;0,0298555531408204;-0,027866990519678;-0,019270580105153;-0,038541160210306;0,115456891540798;0,109937847882988;7,0225234023254;0,0587439829240142;0,0288642228851994;0,115456891540798;0,116942312571154;0,111352263160397;7,02341475637875;0,059520552084638;0,0292355781427886;0,116942312571154
"90";20;20;1;0;0,5;-0,0219089483807943;-0,0213788931780331;0,029331941056654;-0,0273897044937203;-0,0109544741903971;-0,0219089483807943;0,108775410190448;0,103575753160662;0,339452003557337;0,0757468831872186;0,0271938525476119;0,108775410190448;0,1092554122096;0,10403281023418;0,340312366323488;0,0764970790994719;0,0273138530524;0,1092554122096
"91";20;20;1;0;0,25;-0,0324284422040519;-0,03164388311847;0,0331192172866182;-0,0264930026811603;-0,016214221102026;-0,0324284422040519;0,112190649309853;0,106827737808634;1,18259986263755;0,0619438826276923;0,0280476623274632;0,112190649309853;0,113242253173634;0,107829073147449;1,18369674519123;0,0626457618187562;0,0283105632934086;0,113242253173634
"92";20;20;1;1;10;0,233979876455674;0,228319072993037;0,169986088090226;1,36982272977367;0,116989938227837;0,233979876455674;0,409549609182022;0,389972413373698;0,212145858324785;15,5921821343811;0,102387402295505;0,409549609182022;0,464296191768235;0,442102012466098;0,241041128469003;17,4685964453857;0,116074047942059;0,464296191768235
"93";20;20;1;1;4;0,204547477992863;0,199598748686584;0,168395421122448;0,527334183221278;0,102273738996431;0,204547477992863;0,358697831069462;0,341551440211238;0,217439991938003;2,40470720082941;0,0896744577673656;0,358697831069462;0,400537501822703;0,381391100688488;0,24579700979301;2,68278854162306;0,100134375455676;0,400537501822703
"94";20;20;1;1;2;0,152249387552338;0,148565934627685;0,171017654952085;0,256985550775104;0,0761246937761692;0,152249387552338;0,259027580806046;0,246645604226152;0,229523519680178;0,598425785892721;0,0647568952015114;0,259027580806046;0,282207456816108;0,26871744115795;0,258770557985488;0,664467359199904;0,0705518642040269;0,282207456816108
"95";20;20;1;1;1;0,0845424177474456;0,0824970366729105;0,169378074307867;0,113001484357988;0,0422712088737228;0,0845424177474456;0,154709210424955;0,147313836487497;0,28009863181654;0,162711015141123;0,0386773026062386;0,154709210424955;0,161856630823538;0,154119597547309;0,308787563872781;0,175480350608232;0,0404641577058845;0,161856630823538
"96";20;20;1;1;0,1;-0,0192387171975963;-0,0187732643621706;0,171139912713541;-0,0138273930592905;-0,00961935859879814;-0,0192387171975963;0,105486863664909;0,100444404976452;7,17756015495297;0,053564689416504;0,0263717159162273;0,105486863664909;0,105856991904318;0,100796840431264;7,20684902467657;0,0537558862153201;0,0264642479760795;0,105856991904318
"97";20;20;1;1;0,5;0,0424482087428392;0,0414212359506737;0,171112797284623;0,0435416333467854;0,0212241043714196;0,0424482087428392;0,1052616424107;0,100229949696609;0,491701271169705;0,0690839966489874;0,026315410602675;0,1052616424107;0,107063492836176;0,10194566848429;0,520980860564274;0,0709798704834933;0,0267658732090439;0,107063492836176
"98";20;20;1;1;0,25;0,00719714846499375;0,00702302390535675;0,160311786921161;0,00635230413031734;0,00359857423249688;0,00719714846499375;0,0984049746252053;0,093701042760642;1,30573486221175;0,0534841759271838;0,0246012436563013;0,0984049746252053;0,0984567735712325;0,0937503656254172;1,33143473123761;0,0535245276949478;0,0246141933928081;0,0984567735712325
"99";20;20;1;2;10;0,423903434507926;0,413647706253702;0,308033706808142;2,76350633138156;0,211951717253963;0,423903434507926;1,05846713254708;1,00787053119289;0,550789686191927;42,951094373286;0,26461678313677;1,05846713254708;1,2381612543347;1,17897495608184;0,645674450721891;50,5880616168719;0,309540313583674;1,2381612543347
"100";20;20;1;2;4;0,369581768487519;0,360640274088627;0,30391466199776;1,09085107613112;0,184790884243759;0,369581768487519;0,894593954515392;0,851830780961229;0,553824927100173;6,72722154104556;0,223648488628848;0,894593954515392;1,03118463811375;0,981892188255949;0,646189048877386;7,91717761134199;0,257796159528439;1,03118463811375
"101";20;20;1;2;2;0,2733835586389;0,266769440284734;0,305077757214037;0,528448295959437;0,13669177931945;0,2733835586389;0,600096685533517;0,571411002399598;0,564995650002112;1,58408936658823;0,150024171383379;0,600096685533517;0,674835255667586;0,642576936669428;0,658068087948859;1,86334696809066;0,168708813916896;0,674835255667586
"102";20;20;1;2;1;0,164277755211871;0,160303293392229;0,305346394320801;0,250023181590608;0,0821388776059357;0,164277755211871;0,303957851924083;0,289428128903519;0,620439431934257;0,37959590972869;0,0759894629810208;0,303957851924083;0,330945032781535;0,315125274775914;0,713675852458971;0,44210750106138;0,0827362581953837;0,330945032781535
"103";20;20;1;2;0,1;0,000942635544889769;0,000919829846223075;0,313186899759468;0,000834957754926341;0,000471317772444885;0,000942635544889769;0,100365760296764;0,0955680994084886;7,51917391738101;0,0509348896521217;0,025091440074191;0,100365760296764;0,100366648858534;0,0955689454954346;7,61725995156195;0,0509355868065742;0,0250916622146336;0,100366648858534
"104";20;20;1;2;0,5;0,105370656111845;0,102821366044623;0,308528111349767;0,113529861926866;0,0526853280559223;0,105370656111845;0,150385352745017;0,143196666853525;0,823914759962832;0,109972320714926;0,0375963381862542;0,150385352745017;0,161488327914458;0,153768900168807;0,919104355455886;0,122861350264059;0,0403720819786144;0,161488327914458
"105";20;20;1;2;0,25;0,0515599078858598;0,050312490759589;0,313468777261744;0,0426702521602913;0,0257799539429299;0,0515599078858598;0,102277957775658;0,0973888904652324;1,67359290261141;0,0560990583035235;0,0255694894439146;0,102277957775658;0,104936381876857;0,0999202371916662;1,77185557692938;0,0579198087229463;0,0262340954692142;0,104936381876857
"106";20;20;1;3;10;0,620174475623892;0,605170254439443;0,451008427693084;4,09522519410796;0,310087237811946;0,620174475623892;2,09250349753011;1,99247812872908;1,09171057635393;88,5274173369579;0,523125874382529;2,09250349753011;2,47711987774548;2,35870916558738;1,29511917820412;105,298286727414;0,619279969436371;2,47711987774548
"107";20;50;0,4;0;10;0,0502858336685078;0,0496675652217638;0,0279646740049859;-0,00861867971121092;0,0148256207035395;0,0328179104042529;0,200659007959047;0,195755103488131;0,0584950274531064;5,96709100231293;0,0165984076453765;0,0813321974623448;0,203187673026784;0,19822197052319;0,0592770504453115;5,96716528395289;0,0168182066746217;0,0824092127056464
"108";20;50;0,4;0;4;0,0407747353867494;0,0402734066729779;0,0287867147730065;-0,0124557936746044;0,014587818245494;0,0322915122238257;0,174029430342102;0,169776325982593;0,0608101592072147;0,991566164426604;0,0166592017600447;0,0816300886242189;0,175692009387962;0,17139827326764;0,0616388341546371;0,991721311222668;0,0168720062012082;0,0826728303859204
"109";20;50;0,4;0;2;0,0216304380295516;0,0213644900209915;0,0290146458588868;-0,0109447906468564;0,0125605622929974;0,0278039898768094;0,12307946490245;0,120071526488162;0,0654525712195012;0,259788222579459;0,0160179148056657;0,0784877825477618;0,1235473407518;0,120527967922019;0,0662944208938178;0,259908011021762;0,0161756825307819;0,0792608444008315
"110";20;50;0,4;0;1;-0,00098569643363432;-0,000973577215187998;0,0274247582890236;-0,0136932055168853;0,0061946020814007;0,0137123362429522;0,0719422788315137;0,0701840818464987;0,0856732781194001;0,0812107506536188;0,0150791937288372;0,0738880492713023;0,071943250428973;0,0701850296990926;0,0864253954866115;0,0813982545309465;0,0151175668237841;0,074076077436542
"111";20;50;0,4;0;0,1;-0,0142548001207275;-0,014079536184817;0,0408954890930066;-0,0122049391738374;-0,00978715483719833;-0,0216647907687968;0,0306119810241642;0,0298638549762242;2,86323180741923;0,0221772865454916;0,0153283955126946;0,0751091380122035;0,0308151803506461;0,0300620883154037;2,86490424844739;0,0223262470857287;0,0154241839125019;0,0755785011712592
"112";20;50;0,4;0;0,5;-0,011299764196194;-0,0111608326691916;0,0281726627797666;-0,013117227786075;-0,00193117601683587;-0,00427484034312512;0,0436098496021833;0,0425440687104342;0,169655573663345;0,0360996428632682;0,0146216146218569;0,0716459116470988;0,0437375342730729;0,0426686328963039;0,170449272591447;0,03627170452806;0,0146253440626649;0,071664185907058
"113";20;50;0,4;0;0,25;-0,0151352232445639;-0,0149491344341799;0,025368310378994;-0,0136690691517529;-0,00831499273071662;-0,0184060210297653;0,0339820874079964;0,0331515993473501;0,505630616306224;0,0253815736513595;0,015060427459641;0,0737960945522407;0,0342111623906592;0,0333750759676813;0,506274167477709;0,0255684171028349;0,0151295665637528;0,0741348761623889
"114";20;50;0,4;1;10;0,301368087825992;0,297662742483869;0,17033913560871;0,716259891663862;0,0900649034486167;0,199367162498548;0,693653055513918;0,676700872032113;0,21117422910946;9,80532499029018;0,0594828724479982;0,291466074995191;0,784475779873813;0,765303980295131;0,240189650229382;10,3183532226965;0,0675945592812069;0,331213340477914
"115";20;50;0,4;1;4;0,224979282447325;0,22221314372871;0,168138547559173;0,282861218495802;0,0842096915349521;0,186406098417454;0,496674625587274;0,484536396948644;0,211297270483573;1,53838065562139;0,0554990643826374;0,271945415474923;0,547290303117787;0,533915078194441;0,239567841658882;1,61839112455032;0,0625903365310491;0,306692649002141
"116";20;50;0,4;1;2;0,12285672359982;0,121346190112937;0,166435405874033;0,132639655690725;0,0700647707337335;0,155094981479273;0,262081829532217;0,25567681303851;0,217209904174767;0,372756224373985;0,0462316201865673;0,22653493891418;0,2771756040659;0,270401710893435;0,244910648503221;0,390349502635739;0,051140692284538;0,250589392194236
"117";20;50;0,4;1;1;0,0544534224806359;0,0537839131878411;0,165757207504321;0,0583376567983636;0,0424867264339526;0,0940483780990418;0,102300543628211;0,0998004211648433;0,238306553461374;0,0967942225839954;0,0296077113652189;0,145077785689572;0,105265718848065;0,10269313048264;0,265782005301005;0,100197504784719;0,0314128332882924;0,153922883112633
"118";20;50;0,4;1;0,1;-0,00679171379618028;-0,0067082091183584;0,169922892270994;-0,00580200476369611;-0,0047098397040244;-0,0104256746153073;0,0275713489194151;0,0268975328639571;2,98236815178349;0,0199624331209469;0,0138471020213332;0,0678507999045328;0,0276174762957044;0,0269425329335327;3,01124194110123;0,0199960963802248;0,0138692846113708;0,0679594945957171
"119";20;50;0,4;1;0,5;0,0257026237928847;0,0253866079265788;0,173160330072258;0,0243252378920337;0,0181730266966365;0,040227709438292;0,0431561776202198;0,0421014840157213;0,324013046430775;0,0338389607185299;0,0169475845158342;0,0830431641275874;0,0438168024900583;0,0427459638777391;0,353997546341509;0,0344306779170339;0,0172778434151508;0,0846614327342391
"120";20;50;0,4;1;0,25;0,00501442799170615;0,00495277518852943;0,164482235151542;0,00443560690980821;0,00346168553939558;0,00766276759343099;0,028936307744472;0,0282291334672581;0,656419702249127;0,0213858738580527;0,0133171099807543;0,0652538389056961;0,028961452232556;0,0282536634493262;0,683474107929574;0,0214055484667111;0,013329093247528;0,065312556912887
"121";20;50;0,4;2;10;0,543548742733325;0,536865766388243;0,307745592162199;1,42529878919394;0,162675990651892;0,360098655758966;1,77808251308678;1,73462796362861;0,54854393324354;22,2201514018836;0,154176836912657;0,75546650087202;2,07352774881376;2,02285281474825;0,643251282738803;24,2516280403613;0,180640314847231;0,885137542751434
"122";20;50;0,4;2;4;0,412576669491106;0,407504005521953;0,310857485168845;0,576689345055225;0,155420443043828;0,344037816479678;1,21721584286849;1,18746831109992;0,553513659533623;3,42194082247671;0,143439411158208;0,702853114675219;1,38743535107687;1,35352782561636;0,650146035619122;3,75451142317693;0,167594925274148;0,821215133843323
"123";20;50;0,4;2;2;0,223951347415047;0,22119784724191;0,30537351021698;0,272103993344406;0,128043499637277;0,283436368902918;0,574090090163829;0,560059905381708;0,554338231848355;0,820232109178157;0,112774330192981;0,552594217945607;0,624244296172844;0,608988393006163;0,647591212590595;0,894272692372129;0,129169467992342;0,632930393162478
"124";20;50;0,4;2;1;0,110720973571445;0,109359650125895;0,306111376006055;0,131034996727778;0,0793508630197628;0,175650623009734;0,196167002758833;0,191372878380069;0,578912381309953;0,194846058098599;0,0633176126628184;0,31025630204781;0,208426136747442;0,203332411455727;0,672616555830273;0,212016228466048;0,0696141721247996;0,341109443411518
"125";20;50;0,4;2;0,1;0,00129312309734539;0,00127722404286984;0,306974364584428;0,00112987868346059;0,000812631067101832;0,00179883554861843;0,0257020380497704;0,0250739060731107;3,34384588880799;0,0185995992364256;0,0129393383694935;0,0634027580105182;0,0257037102171153;0,0250755373743664;3,43807914932;0,0186008758622649;0,0129399987387447;0,0634059938198491
"126";20;50;0,4;2;0,5;0,0588360789744564;0,0581126845608362;0,308759246287416;0,0583644377597192;0,0358224538324512;0,0792963818407415;0,0647387685244403;0,0631566180910377;0,661296476679549;0,0520052916424706;0,0262054533100913;0,128406721219448;0,0682004527135288;0,0665337021979049;0,756628748847522;0,0554116992374787;0,0274887015086694;0,13469463739248
"127";20;50;0,4;2;0,25;0,0259632145912223;0,0256439947396909;0,311128065771936;0,0231518663801947;0,0159427972559264;0,0352908861221068;0,0306221280427515;0,029873754011876;0,996051400218927;0,0226393433008272;0,0142155858403548;0,0696563706177385;0,0312962165546614;0,0305313684780853;1,09285207352991;0,0231753522177136;0,0144697586246984;0,070901817261022
"128";50;100;0,5;0;10;0,0216866704220027;0,0215713157920985;0,0129356850439981;-0,0112458895945652;0,00740088788430535;0,015699654029381;0,0639427526553613;0,0632643197602232;0,0217381577597904;2,24053749255195;0,00719780594714779;0,032390126762165;0,0644130643293539;0,0637296414252256;0,0219054897073479;2,24066396258472;0,00725257908862385;0,0326366058988073
"129";50;100;0,5;0;4;0,018668113630716;0,0185688151539569;0,0132839982073496;-0,00659680313601457;0,00724337234040425;0,0153655131016768;0,0582139064947179;0,0575962566832783;0,0223926938714355;0,367766776670468;0,00716710637476688;0,0322519786864509;0,0585624049612472;0,0579410575795001;0,0225691584798084;0,367810294482083;0,00721957281762861;0,0324880776793287
"130";50;100;0,5;0;2;0,0107245370132557;0,0106674916036107;0,0133192829221592;-0,00671850778621789;0,00608292108791284;0,0129038242520574;0,0457525096842823;0,0452670753494134;0,0244884774529985;0,0989145917070953;0,00700919537610957;0,0315413791924931;0,045867525378431;0,0453808707265265;0,024665880750559;0,0989597300539688;0,00704619730507134;0,031707887872821
"131";50;100;0,5;0;1;0,000145432503046625;0,00014465892590276;0,013273886482336;-0,00695919350937811;0,00288669693008155;0,00612360892347315;0,0303602444714808;0,0300381221401996;0,0334081265124118;0,0326332685439043;0,00681359303576641;0,0306611686609488;0,0303602656220938;0,0300381430664044;0,0335843225747577;0,0326816989182053;0,00682192605493255;0,0306986672471965
"132";50;100;0,5;0;0,1;-0,0082364125300787;-0,00819260182513148;0,0188200682720274;-0,00680284488270228;-0,0053429251233931;-0,0113340557583697;0,0158490628507021;0,0156809042221085;1,20581432390195;0,0106655303367541;0,0069433536541788;0,0312450914438046;0,0159169013420677;0,0157480229467736;1,20616851887171;0,0107118090352522;0,00697190050305298;0,0313735522637384
"133";50;100;0,5;0;0,5;-0,00595797675637711;-0,0059262853906517;0,0140742689356982;-0,00694269700100413;-0,00148374197812639;-0,00314749204279294;0,0206549758905329;0,0204358265028306;0,0692883479407691;0,0159767035303014;0,00676582762463765;0,0304462243108694;0,0206904733775625;0,0204709473613621;0,0694864329868434;0,0160249045719491;0,00676802911489531;0,0304561310170289
"134";50;100;0,5;0;0,25;-0,00773170505040885;-0,00769057895971518;0,0141839127581601;-0,00679235146338665;-0,00425997495616341;-0,00903677153756403;0,01693334989734;0,016753686978273;0,210912550890203;0,0117641697911169;0,0068297865231405;0,0307340393541322;0,0169931291603265;0,0168128319830086;0,211113734271334;0,011810305829519;0,00684793390976764;0,0308157025939544
"135";50;100;0,5;1;10;0,142238317818059;0,141481731021154;0,0857963796810373;0,428234107285773;0,0489461842198785;0,103830536325246;0,255576929543591;0,252865257164153;0,0892477509995287;4,53864912823136;0,0293484324612822;0,13206794607577;0,275808668599302;0,272882337376895;0,0966087697659014;4,7220335788742;0,0317441614109685;0,142848726349358
"136";50;100;0,5;1;4;0,111839822876088;0,111244930201216;0,0839347632073872;0,164480412313023;0,0450206944190891;0,0955033149523956;0,20375139348402;0,201589590276785;0,0905636587021618;0,696550387437155;0,0277782646289623;0,12500219083033;0,216259539464975;0,213965024772258;0,0976087031768419;0,723604193471817;0,0298051275549393;0,134123073997227
"137";50;100;0,5;1;2;0,0690181646656265;0,0686510467684689;0,0853772396590455;0,0801095552345856;0,0379028665416684;0,0804041218740672;0,118032620647183;0,116780294007791;0,091934547089034;0,168404199731989;0,0227897373950311;0,10255381827764;0,122796127700995;0,121493260230197;0,0992238201408321;0,174821740571872;0,0242263646871066;0,10901864109198
"138";50;100;0,5;1;1;0,0331995476400146;0,033022954301504;0,0867778275348434;0,0372663770375747;0,0228032635904243;0,04837302695392;0,0482534258166023;0,047741456750248;0,101538416288491;0,0431892904358088;0,0142290594937163;0,0640307677217232;0,0493556357801039;0,0488319722610472;0,109068807640158;0,0445780732933154;0,0147490483240906;0,0663707174584079
"139";50;100;0,5;1;0,1;-0,00335054450164926;-0,00333272245642773;0,0855769547329741;-0,00275596185469734;-0,00219716455052119;-0,00466088985916868;0,0141505729964105;0,0140004353528599;1,27064664428594;0,00951491175015757;0,00621365117713718;0,0279614302971173;0,014161799144868;0,0140115423918314;1,27797005946731;0,00952250707590211;0,00621847870919925;0,0279831541913966
"140";50;100;0,5;1;0,5;0,0155298818948354;0,0154472761400757;0,0869623840519753;0,0149926669756369;0,00942766231759046;0,0199990918665153;0,0204913300975287;0,020273916992431;0,135854472837716;0,0150099152314033;0,00760994714607472;0,0342447621573363;0,0207325073291962;0,0205125353325788;0,14341692907772;0,0152346952944457;0,00769882796284924;0,0346447258328216
"141";50;100;0,5;1;0,25;0,00402834752313952;0,00400692014269732;0,0844471152650854;0,003532010545027;0,00240924366447387;0,00511077759804057;0,0143701337264549;0,0142176665425645;0,278838681170137;0,00987605491558101;0,00596018195112607;0,0268208187800673;0,0143863613102221;0,0142337219515945;0,285969996446731;0,0098885300140712;0,00596598640616087;0,0268469388277239
"142";50;100;0,5;2;10;0,26211420826839;0,260719983756325;0,158243299820708;0,866621951554336;0,0902576170453917;0,191465319199605;0,682090993245194;0,67485400471908;0,240166020595155;11,6405021643339;0,0788102380068734;0,35464607103093;0,750794851421359;0,742828914648978;0,265206962533301;12,3915357712498;0,0869566754415859;0,391305039487137
"143";50;100;0,5;2;4;0,20618347782943;0,205086757202678;0,15519195082736;0,339560302964383;0,0831484396453421;0,176384476554905;0,520325700699639;0,514805042659735;0,240494550214596;1,81188522296676;0,0729348679156861;0,328206905620587;0,562837327229478;0,556865620639645;0,264579091816198;1,92718642231602;0,0798485309311412;0,359318389190135
"144";50;100;0,5;2;2;0,13193420609117;0,131232428399196;0,160624693597163;0,173282784971074;0,0714944645636812;0,151662662130841;0,278144476283415;0,275193362130906;0,241357641796318;0,427430710265291;0,0574678592360435;0,258605366562196;0,295551111020322;0,292415312394456;0,267157933989501;0,457457633832623;0,0625793176992909;0,281606929646809
"145";50;100;0,5;2;1;0,0645070478130099;0,0641639252182602;0,156933923116613;0,0796297809471405;0,0416624569648173;0,0883794175221451;0,0998240516797499;0,0987649180395307;0,248024227651045;0,100992121753903;0,0309829615103514;0,139423326796581;0,1039852108973;0,102881927338945;0,272652483875816;0,107333023767593;0,0327187218306967;0,147234248238135
"146";50;100;0,5;2;0,1;0,00116000226410792;0,00115383203929884;0,153557067379289;0,000982164863616852;0,000702404827328085;0,00149002564962558;0,0131548558771564;0,0130152827967486;1,44099514410819;0,00884195470536485;0,00578339720038209;0,0260252874017194;0,0131562014824091;0,0130166141251235;1,46457491705032;0,00884291935318417;0,00578389057292354;0,0260275075781559
"147";50;100;0,5;2;0,5;0,0371232206966177;0,0369257567567423;0,1597048622766;0,0371090464560015;0,0203503121094807;0,0431695310756295;0,0334114292863746;0,0330569338703948;0,287984461686813;0,0257995623573365;0,0123292932579844;0,0554818196609297;0,0347895628012644;0,0344204453824529;0,313490104721601;0,0271766436862102;0,0127434284609377;0,0573454280742194
"148";50;100;0,5;2;0,25;0,0169080462264541;0,016818109810356;0,16026637031389;0,014758137687646;0,00983247105965068;0,0208578208862984;0,0157417694196901;0,0155747491748852;0,431807540955829;0,0108655350126961;0,00651382788826547;0,0293122254971946;0,016027651446886;0,0158575979924784;0,457492850409418;0,0110833376407036;0,00661050537540433;0,0297472741893195
"149";50;20;2,5;0;10;0,015008636984606;0,0148241045626641;0,0128475109657715;-0,0313666723135238;0,0103180972741836;0,0228400819539166;0,0307794543915842;0,0300272354628729;0,0222994809866299;2,84774104318486;0,0154099151195021;0,0755085840855601;0,0310047135757199;0,0302469895389577;0,0224645395246455;2,84872491131688;0,0155163782508616;0,0760302534292217
"150";50;20;2,5;0;4;0,0145569094811505;0,0143779310858904;0,0131667225472262;-0,0282911150610891;0,00791067892253469;0,0175110342634474;0,034113851920361;0,0332801436674699;0,0254816724857812;0,503935846936934;0,0150986878024851;0,0739835702321769;0,0343257555340034;0,0334868685697805;0,0256550350684168;0,504736234128334;0,0151612666435005;0,0742902065531525
"151";50;20;2,5;0;2;0,0121567265910285;0,0120072586411388;0,0139470671167805;-0,0260889295948138;0,00240562083095792;0,00532506870880174;0,044227490031192;0,0431466146281521;0,0366969389636209;0,169826693125589;0,0147837229514907;0,0724402424623042;0,044375276032601;0,0432907888882273;0,0368914596447809;0,170507325372992;0,014789509963073;0,0724685988190577
"152";50;20;2,5;0;1;-0,000428038340685722;-0,000422775574201881;0,0125270638908641;-0,029544096229538;-0,00694487975747737;-0,0153731466767384;0,0728552553516767;0,0710747461381472;0,0858680480503681;0,0875596594847618;0,0153211653796634;0,0750737103603509;0,0728554385684978;0,0710749248773334;0,0860249753800939;0,088432513106782;0,0153693967345093;0,0753100439990954
"153";50;20;2,5;0;0,1;-0,0494620995430908;-0,048853958974938;0,0184552421995623;-0,0275413336377335;-0,0145979161799767;-0,0323138649546655;0,199979945575809;0,19509263670701;5,93542118445458;0,0582997524984292;0,0165425725041752;0,0810586052704585;0,202426444867019;0,197479346014535;5,93576178041923;0,0590582775569742;0,0167556716609728;0,0821027911387668
"154";50;20;2,5;0;0,5;-0,0204226761774114;-0,0201715776998203;0,0133704211424;-0,0283272732174216;-0,0121812817132876;-0,0269644165239028;0,122807203114102;0,119805918504269;0,260788473452888;0,0652952051555087;0,0159635009909363;0,0782211548555877;0,123224288816349;0,120212811051169;0,260967241614414;0,0660976395634431;0,0161118846151147;0,0789482346140623
"155";50;20;2,5;0;0,25;-0,0386910573059235;-0,0382153475849491;0,0169839926849124;-0,027586643394984;-0,0139535619600127;-0,0308875260861464;0,173189720159183;0,168957137472547;0,980291983322813;0,0605631404359899;0,0165883760401365;0,0812830425966688;0,174686718074634;0,170417550263585;0,980580439330334;0,0613241633297919;0,0167830779315084;0,0822370818643911
"156";50;20;2,5;1;10;0,0978109810559655;0,0966083870265888;0,0838199510598705;1,34746365492157;0,0669288108195211;0,148153238293345;0,123607960894511;0,120587106569372;0,090052039987072;11,494069712566;0,0602692513247983;0,295319331491512;0,133174948909642;0,129920287013251;0,097077824182751;13,3097280139006;0,0647487170425135;0,317268713508316
"157";50;20;2,5;1;4;0,0963214704096516;0,0951371900357623;0,0864391482568265;0,536834091622506;0,0560640197339977;0,124102998000842;0,120206524427486;0,117268797790796;0,0927295950525495;1,7528513493413;0,0477330433401468;0,233891912366719;0,129484350089363;0,126319882718697;0,100201321403915;2,04104219126946;0,0508762176488809;0,249293466479516
"158";50;20;2,5;1;2;0,081318493541541;0,0803186759979975;0,0848469406146761;0,252846254779278;0,0394156263440584;0,0872502082545521;0,113775762487889;0,110995197209404;0,104767735363636;0,426551055399529;0,0318781276300661;0,156202825387324;0,120388459879755;0,117446286923475;0,111966738695307;0,490482283955437;0,0334317192301605;0,163815424227787
"159";50;20;2,5;1;1;0,055769008342518;0,0550833238137166;0,0855076254871701;0,109045956221776;0,0294837939186183;0,0652651599920986;0,105590103072815;0,103009587082978;0,150446375900659;0,118631570234601;0,0195059848314373;0,0955793256740428;0,108700285364323;0,106043759645345;0,157757929917114;0,130522590802922;0,0203752789352729;0,099838866782837
"160";50;20;2,5;1;0,1;-0,0266796833165156;-0,0263516544232797;0,0775448090702069;-0,0145569455371699;-0,0077418439897104;-0,017137302208019;0,186515530769871;0,181957278665764;6,07963043525814;0,0541873051452255;0,0153847677385379;0,0753853619188356;0,187227336271741;0,182651688356608;6,08564363267188;0,0543992098085976;0,0154447038868989;0,0756790490458046
"161";50;20;2,5;1;0,5;0,0313164275228662;0,0309313894795523;0,086176515649482;0,0413674546131232;0,0170298178605657;0,0376971088040424;0,117222955623941;0,114358144410006;0,328874262142263;0,0586317074545599;0,0144572416241191;0,0708404839581837;0,118203674256736;0,115314895265142;0,336300653991749;0,0603429737557288;0,0147472563204832;0,0722615559703675
"162";50;20;2,5;1;0,25;0,00382338250659287;0,00377637370528228;0,0778937127475203;0,00539927246921146;0,00245354627190478;0,00543115619468371;0,15113842174836;0,147444750630988;1,04481666334995;0,0512723783054177;0,0141334879852882;0,0692540911279121;0,151153040002151;0,14745901162935;1,05088409383555;0,0513015304486145;0,0141395078745966;0,0692835885855231
"163";50;20;2,5;2;10;0,184617393844315;0,182347507854426;0,158200497676978;2,77662930496439;0,126387387667446;0,279770408783464;0,330393117105492;0,322318641403589;0,241075594237452;38,665302363413;0,159971445242092;0,783860081686249;0,364476699215358;0,355569255024309;0,266102991702695;46,3749726606;0,175945217003493;0,862131563317115
"164";50;20;2,5;2;4;0,177133291884169;0,174955423541331;0,159097515029333;1,09632932842923;0,103185440505319;0,228410709355223;0,313251398310651;0,305595848986847;0,243248383743335;6,03264845182357;0,122214010085587;0,598848649419377;0,344627601404374;0,336205249213374;0,268560403031844;7,23458644819765;0,132861245217864;0,651020101567533
"165";50;20;2,5;2;2;0,15341466182565;0,151528415983532;0,157406508449192;0,537601698941648;0,07873931548469;0,17429690483393;0,273778312508033;0,267087445726603;0,255699259705032;1,42674260134751;0,0775643382516021;0,38006525743285;0,297314370971111;0,290048306577081;0,280476068607197;1,71575818805245;0,0837642180545996;0,410444668467538
"166";50;20;2,5;2;1;0,111045801850052;0,10968048461419;0,157296723620257;0,249564857958722;0,0662328317467277;0,146612622941658;0,20181493254646;0,196882778440455;0,302310711987576;0,339901724750545;0,043108374175248;0,211231033458715;0,214146102654981;0,208912587145659;0,327052971249243;0,402184343078502;0,0474951621764383;0,232726294664548
"167";50;20;2,5;2;0,1;-0,000835662058371878;-0,000825387524867327;0,155063502571058;7,84440039376666e-05;-6,18490488582535e-06;-1,36908705855032e-05;0,173795036202494;0,169547660200165;6,16980361385856;0,0504150998444592;0,0143172668863919;0,0701546077433205;0,17379573453357;0,169548341464732;6,19384830368817;0,050415105997921;0,014317266924645;0,0701546079307605
"168";50;20;2,5;2;0,5;0,0838779102282532;0,0828466244467585;0,157958571396593;0,112439012483115;0,0467747086148576;0,103540231279555;0,15483590526916;0,151051871370903;0,480807041299699;0,0977849527017137;0,0219330446910747;0,107471918986266;0,161871409093419;0,157915434553125;0,505757951577352;0,110427484229892;0,0241209180570795;0,11819249847969
"169";50;20;2,5;2;0,25;0,0525884360555929;0,0519418569237619;0,159009474640504;0,0419137354112166;0,0207220459205776;0,0458702040213381;0,152698317298719;0,148966523901957;1,20305894189898;0,0535573398467468;0,0146323913539319;0,0716987176342665;0,155463860905492;0,151664480402645;1,22834295492443;0,0553141010628683;0,0150617945410665;0,0738027932512257
"170";50;20;2,5;3;10;0,269524140886451;0,266210319482109;0,231037136689107;4,14893112274985;0,18423259051088;0,407816223673255;0,65426911946002;0,638279439790336;0,477640259385586;85,3569545280468;0,316087039646003;1,54882649426541;0,7269123819806;0,709147373989103;0,531018417915087;102,570583989369;0,350028687052352;1,71514056655653
"171";50;50;1;0;10;0,0177838335521812;0,0176372634954325;0,0128105734907662;-0,0181264244027067;0,00889191677609061;0,0177838335521812;0,0428501423338363;0,0421467319699302;0,0217095100138164;2,40309955482118;0,0107125355834591;0,0428501423338363;0,0431664070696479;0,0424578050335375;0,0218736208069788;2,40342812208281;0,010791601767412;0,0431664070696479
"172";50;50;1;0;4;0,016441351949215;0,016305846301282;0,0131237452117075;-0,0123740548699165;0,00822067597460752;0,016441351949215;0,0427152314865936;0,0420140357638296;0,0231196947868568;0,404792881951316;0,0106788078716484;0,0427152314865936;0,0429855495405116;0,0422799163874306;0,0232919274752386;0,40494599918524;0,0107463873851279;0,0429855495405116
"173";50;50;1;0;2;0,0119726074578938;0,0118739321217023;0,0138608001136844;-0,0121447667901122;0,00598630372894688;0,0119726074578938;0,0418601353140571;0,0411729764993904;0,0277036622823376;0,118006221730809;0,0104650338285143;0,0418601353140571;0,0420034786433979;0,0413139667634212;0,0278957840621291;0,118153717091195;0,0105008696608495;0,0420034786433979
"174";50;50;1;0;1;7,46491003832548e-05;7,40338605449311e-05;0,0132390700630953;-0,0130843354188543;3,73245501916274e-05;7,46491003832548e-05;0,0411564854643422;0,0404808774770449;0,0456932662378455;0,0457630463133734;0,0102891213660856;0,0411564854643422;0,0411564910368304;0,0404808829580574;0,045868539213981;0,0459342461467265;0,0102891227592076;0,0411564910368304
"175";50;50;1;0;0,1;-0,017025328839356;-0,0168850101950756;0,0227452938979914;-0,0122737129794654;-0,00851266441967801;-0,017025328839356;0,0428746033872809;0,0421707914807529;2,39224249654914;0,0217258624050127;0,0107186508468202;0,0428746033872809;0,0431644652093691;0,0424558950500407;2,39275984494365;0,0218765064353149;0,0107911163023423;0,0431644652093691
"176";50;50;1;0;0,5;-0,010595665637331;-0,0105083387227376;0,0138397611655756;-0,0127267926076974;-0,00529783281866548;-0,010595665637331;0,0419571590882715;0,0412684075711163;0,117775678146518;0,0277410827803838;0,0104892897720679;0,0419571590882715;0,0420694272185696;0,0413788327538281;0,117967217135639;0,0279030540304631;0,0105173568046424;0,0420694272185696
"177";50;50;1;0;0,25;-0,0161967280443804;-0,0160632385275311;0,013949793724986;-0,0129704335882326;-0,0080983640221902;-0,0161967280443804;0,0425102155179575;0,0418123852532585;0,402960850682133;0,023020030768407;0,0106275538794894;0,0425102155179575;0,0427725495173012;0,0420704128852509;0,403155447427103;0,0231882629158738;0,0106931373793253;0,0427725495173012
"178";50;50;1;1;10;0,120655976026763;0,119661558641927;0,0873389976084193;0,719263272864799;0,0603279880133816;0,120655976026763;0,174073795200888;0,171216271165732;0,0894549312866837;6,34825803117569;0,0435184488002219;0,174073795200888;0,188631659751858;0,185535159782348;0,0970830317899271;6,86559768686788;0,0471579149379646;0,188631659751858
"179";50;50;1;1;4;0,103860676185594;0,103004681601646;0,0842453228397131;0,273826668714706;0,0519303380927968;0,103860676185594;0,154674015776533;0,152134950564648;0,0904924417803585;0,957920086210565;0,0386685039441333;0,154674015776533;0,165461055834262;0,162744914996504;0,097589716200726;1,03290113070996;0,0413652639585655;0,165461055834262
"180";50;50;1;1;2;0,0775209695906092;0,0768820605005767;0,0857641734208292;0,129236550952077;0,0387604847953046;0,0775209695906092;0,114678592221502;0,112796075480757;0,0957472862123697;0,23153948652693;0,0286696480553756;0,114678592221502;0,120688092947771;0,118706926707572;0,103102779654928;0,248241572628918;0,0301720232369427;0,120688092947771
"181";50;50;1;1;1;0,0439466560775976;0,0435844583626723;0,0860653113983305;0,0594892186551126;0,0219733280387988;0,0439466560775976;0,0653495108076299;0,0642767600377455;0,113752298235531;0,06127196046534;0,0163373777019075;0,0653495108076299;0,0672808193880325;0,0661763650485131;0,121159536061622;0,0648109276015358;0,0168202048470081;0,0672808193880325
"182";50;50;1;1;0,1;-0,00915226850998888;-0,00907683772556589;0,0787788093625068;-0,00653442605550657;-0,00457613425499445;-0,0091522685099889;0,0387402523298382;0,0381043082347908;2,46567074642027;0,0196008855942692;0,00968506308245954;0,0387402523298382;0,0388240163487171;0,038186697217887;2,47187684722484;0,0196435843181441;0,00970600408717927;0,0388240163487171
"183";50;50;1;1;0,5;0,0217042935664807;0,0215254120260976;0,0854553878259614;0,0224711665512399;0,0108521467832404;0,0217042935664807;0,0401297963380686;0,0394710420584278;0,184319802952561;0,0249955009448644;0,0100324490845172;0,0401297963380686;0,0406008726972886;0,039934385421321;0,191622426261046;0,0255004542710379;0,0101502181743222;0,0406008726972886
"184";50;50;1;1;0,25;0,00511052936409256;0,00506840961658633;0,0832035674646561;0,00442824343454112;0,00255526468204628;0,00511052936409256;0,0359976448792987;0,0354067223034287;0,470170753369343;0,0191801748184686;0,00899941121982467;0,0359976448792987;0,0360237623896799;0,0354324110794702;0,477093587008188;0,0191997841583841;0,00900594059741998;0,0360237623896799
"185";50;50;1;2;10;0,220045185864809;0,218231626640649;0,159361879452806;1,42677692890572;0,110022592932405;0,220045185864809;0,465749752477278;0,458104195542441;0,240215966524721;18,3064634597194;0,116437438119319;0,465749752477278;0,514169636299556;0,505729238408665;0,265612175147451;20,342155864577;0,128542409074889;0,514169636299556
"186";50;50;1;2;4;0,191621278218422;0,190041981969369;0,155513770073606;0,569315344826164;0,0958106391092108;0,191621278218422;0,407209716397485;0,400525128687935;0,242852096771406;2,85668356773918;0,101802429099371;0,407209716397485;0,443928430663546;0,436641083598781;0,267036629453912;3,18080352959371;0,110982107665887;0,443928430663546
"187";50;50;1;2;2;0,145653729429587;0,144453286604618;0,158345874736697;0,279072647359178;0,0728268647147936;0,145653729429587;0,280803359285232;0,276193806495372;0,246804311032474;0,677288178500078;0,0702008398213081;0,280803359285232;0,30201836818198;0,297060558506248;0,271877727078604;0,755169721004138;0,0755045920454949;0,30201836818198
"188";50;50;1;2;1;0,0875806340466956;0,0868588156342227;0,157402847524273;0,132891546016315;0,0437903170233478;0,0875806340466956;0,13698098813326;0,134732364407338;0,263589479139767;0,159987143284484;0,034245247033315;0,13698098813326;0,144651355593281;0,142276818260717;0,288365135548517;0,17764730628709;0,0361628388983203;0,144651355593281
"189";50;50;1;2;0,1;0,00237915320888565;0,0023595448033179;0,162222634764231;0,00180083237842141;0,00118957660444283;0,00237915320888565;0,0358061781426151;0,0352183986061749;2,61125728264793;0,0181056830823781;0,00895154453565378;0,0358061781426151;0,0358118385126065;0,0352239660578537;2,63757346587778;0,0181089260796332;0,00895295962815161;0,0358118385126065
"190";50;50;1;2;0,5;0,0562855020111017;0,0558216105110103;0,160006109357825;0,0597012260745049;0,0281427510055509;0,0562855020111017;0,0617244987066965;0,0607112546488603;0,334381352196226;0,0431999617173168;0,0154311246766741;0,0617244987066965;0,0648925564433382;0,0638273068489032;0,359983307228054;0,046764198112116;0,0162231391108345;0,0648925564433382
"191";50;50;1;2;0,25;0,0273850050929589;0,0271593045015335;0,155840451966256;0,0225363230664143;0,0136925025464795;0,0273850050929589;0,0379681015956534;0,037344832810403;0,61872713426714;0,0204824503976334;0,00949202539891336;0,0379681015956534;0,0387180400995948;0,03808246063141;0,643013380736187;0,0209903362549872;0,0096795100248987;0,0387180400995948
