"n1";"n2";"m1";"m2";"var1";"var2";"skew";"kurt";"Average_m1";"Stdev_m1";"Average_m2";"Stdev_m2";"Average_sd1";"Stdev_sd1";"Average_sd2";"Stdev_sd2";"Average_skew1";"Stdev_skew1";"Average_skew2";"Stdev_skew2";"Average_kurt1";"Stdev_kurt1";"Average_kurt2";"Stdev_kurt2"
"1";100;100;0;0;1;0,01;2,08;95,75;-0,000261576970030018;0,100071330072592;-1,10268774908641e-06;0,0099763460494245;1,00448623894264;1,15435807419064;0,00998482766942818;0,00529915999459878;4,97800565211893;7,46089355826822;4,94222564710194;7,41457754126337;-1,10718629712937;1,08295455482885;-1,09930728229939;1,07979798542971
"2";100;100;0;0;1;0,0625;2,08;95,75;-0,000546989595248836;0,0999165686125099;-4,28114549313946e-05;0,0249667819581465;1,00114668628199;0,519211057868815;0,0623532969134311;0,0309836473863589;5,00264994911176;7,50303438342117;4,96522546658448;7,4394060399876;-1,10874234791338;1,0866850783653;-1,10451047854194;1,07967145657576
"3";100;100;0;0;1;0,25;2,08;95,75;-0,000291336178508759;0,100432556125285;8,15528186535333e-05;0,0497539663868574;1,00405102299044;0,576118740489795;0,249643354454519;0,118031458605206;5,02811823561598;7,65356137322123;4,97162704725165;7,46978069229954;-1,11163258491526;1,09764260612625;-1,10391447040386;1,0833640982078
"4";100;100;0;0;1;1;2,08;95,75;0,000453347460045198;0,100302309500229;0,000352356618503266;0,0994503316536344;1,00321999855607;0,743406506574297;1,0001032697175;0,604263437155882;5,01353384431503;7,61345912744625;4,94462730302784;7,47109040876451;-1,10872646702355;1,09635883506791;-1,0994502112401;1,08108342932423
"5";100;100;0;0;1;100;2,08;95,75;0,000472989681589476;0,100134339511679;0,00140572067755044;0,996827200860213;0,99567309300133;0,472127866911667;99,9300706157898;51,1830139377923;4,92965457032522;7,43268822089604;4,94987580667202;7,41585118363906;-1,09682121004276;1,07924016824608;-1,10177834010675;1,07891132071774
"6";100;100;0;0;1;4;2,08;95,75;-0,000469993899326909;0,0997818482935562;0,000577080754699673;0,200014113985308;0,999356360598893;0,498486054936247;3,99456558379097;2,26114605693609;4,94885105922865;7,42987376879642;4,93073514161207;7,45111730976625;-1,10099769485039;1,08029323901583;-1,09832609812178;1,07923267193849
"7";100;100;0;0;1;16;2,08;95,75;-0,000240887472324365;0,100121064472085;-0,00112160164723262;0,398847746965745;1,00172238634753;0,555693251456245;15,9662836358339;7,66378066343767;5,01656146568808;7,53515655831684;4,94715240392688;7,38220909520999;-1,11157516821414;1,08980419107443;-1,10213270545502;1,07617403269936
"8";100;100;1;0;1;0,01;2,08;95,75;1,0000090217074;0,10035809176737;4,25184259062527e-05;0,00996722185267658;1,00487840141584;1,64068942345873;0,00994115902387106;0,00473387029278164;4,97051589647593;7,48806954395707;4,91183810513081;7,34099476932878;-1,10665675519588;1,08379589141253;-1,09813584015277;1,06960765729049
"9";100;100;1;0;1;0,0625;2,08;95,75;0,999903093671993;0,100256178472635;6,59477883274359e-05;0,0249860981254967;1,00012150204892;0,57178962144107;0,0624300150545359;0,0322221861568714;4,97710851649917;7,52374583486073;4,95840037322003;7,46863540335904;-1,10654313658127;1,08714032000036;-1,10397086446228;1,0826510210548
"10";100;100;1;0;1;0,25;2,08;95,75;1,00009204427537;0,0997755042297301;0,000427660503889665;0,0499526584067981;1,00061362228482;0,552109530593148;0,249484276439414;0,136949937139923;5,01057560627873;7,55790439046125;4,9700077343232;7,45287471637217;-1,1062719482643;1,09350681218331;-1,10308314508173;1,0823056679435
"11";100;100;1;0;1;1;2,08;95,75;0,999491284565975;0,0998791937614953;0,00025216133102968;0,0991712148533823;0,997130043091591;0,480611501033796;0,998807702073088;0,492529728481262;4,94307835318903;7,40853532092278;4,96676166711476;7,50937273759571;-1,10332430363164;1,07627259939169;-1,10217917207667;1,08630547928369
"12";100;100;1;0;1;100;2,08;95,75;1,00026544101677;0,100274070578942;-0,00490391827121768;1,00276793833682;1,00169793010425;0,569695882186878;100,189450762333;60,297530987883;5,01177597267834;7,58149205958227;5,01141225534104;7,59373344937288;-1,11069198662722;1,09293315638848;-1,10684201617359;1,09401233523518
"13";100;100;1;0;1;4;2,08;95,75;1,000456721724;0,0998714562854566;-0,000992799370175502;0,199854455864755;0,998206777880099;0,481367698840308;3,99991790620161;1,8982885679382;4,94098767681665;7,44810558028866;4,99438563381068;7,49275959857839;-1,09720935862262;1,08298021224893;-1,10843005916158;1,08640853463607
"14";100;100;1;0;1;16;2,08;95,75;0,999983365503377;0,0998937218448944;0,00270566987994365;0,401856586201234;0,99966479475814;0,512043485039435;15,9797473752101;10,0649416285635;4,9777851234732;7,44997630042523;4,94621973248587;7,45869879700596;-1,10490306075487;1,08184751071982;-1,09852959822285;1,08413389948406
"15";100;100;2;0;1;0,01;2,08;95,75;2,00030340407263;0,0997389131832116;4,77134509040663e-05;0,00998452546722541;0,99650312492503;0,502223908291283;0,00999382125013147;0,00558581456664365;4,91684791470956;7,36598125216354;4,96754562914891;7,47535011670132;-1,09623602524079;1,07523151256191;-1,10354057940424;1,08341002538517
"16";100;100;2;0;1;0,0625;2,08;95,75;1,99974825932933;0,099963757070043;0,000111203365578989;0,0249780994685693;1,00002619450086;0,515428774068123;0,0624081552445309;0,0474049829398325;4,96457980092307;7,51081715202409;4,91920391374901;7,42272255967231;-1,1043194697466;1,08554627097267;-1,09562088441282;1,07832358524851
"17";100;100;2;0;1;0,25;2,08;95,75;2,00029450963505;0,0996397226147739;-0,000137105179395216;0,0500389494496807;1,00005654777066;0,531220508760825;0,250322988015633;0,135226321502908;4,96158735946991;7,55547866358232;4,99829196659586;7,47331225445226;-1,09909076804999;1,08957974501137;-1,10786015082748;1,08560302756136
"18";100;100;2;0;1;1;2,08;95,75;2,00000174087853;0,100420432064495;-0,000519668366641403;0,0999883836615256;1,00471484563967;1,22415576669902;0,999570607058176;0,510553696349038;4,9721898875908;7,48510169732972;4,99414231641596;7,54756629729377;-1,10402458174438;1,08534152199613;-1,10570779992539;1,09223333543743
"19";100;100;2;0;1;100;2,08;95,75;2,00017168209478;0,100094590220654;0,00333948328647589;0,993312635110668;0,99828525218133;0,51296257755795;99,7981889771923;54,5909466891922;4,94894427960008;7,45788334711505;4,9449704582655;7,45866358117921;-1,09758426829354;1,08321297065372;-1,1008586410823;1,08058066013715
"20";100;100;2;0;1;4;2,08;95,75;1,99983692517246;0,0999069554128182;-0,000442800728071866;0,199788304164499;1,00154582233411;0,512054136214498;4,00601446302509;2,08600261205041;4,99085268632336;7,52364844645723;4,990751394797;7,50125136793199;-1,10812097843418;1,0878851779351;-1,10545447817496;1,08688676741784
"21";100;100;2;0;1;16;2,08;95,75;1,99946491450372;0,100400413112165;0,00193291755286717;0,40017193623853;1,00150951886198;0,501891317315545;15,9868331985073;8,4436499426924;4,99359951205387;7,54082318931032;4,95298435187518;7,45461898294693;-1,10717777801606;1,08976215410967;-1,09981541563054;1,08170336153745
"22";100;20;0;0;1;0,01;2,08;95,75;-0,000414553871310522;0,100321246465002;-5,62199390808828e-05;0,0223740630984179;1,00145737763153;0,569797137690862;0,0100271867892724;0,0115956505705949;5,00254331341834;7,55202356893834;1,71462014530933;2,8836939389288;-1,11182153941109;1,08865901187077;-0,605319751101588;0,957409111259223
"23";100;20;0;0;1;0,0625;2,08;95,75;0,000807232565652355;0,100276924189454;0,000143077474333207;0,055811367073864;0,998878943630577;0,513549423895926;0,0624948289091517;0,0771213274544089;4,95100661112777;7,43400693623087;1,71643654000739;2,88361978728843;-1,10152796536767;1,08117510965858;-0,604893426615681;0,958313476794314
"24";100;20;0;0;1;0,25;2,08;95,75;-0,000603129457233367;0,100192773191793;0,00081815609606238;0,11173592125705;1,00252401818723;0,499391131619313;0,248703746534628;0,286888918209755;5,00410400836519;7,547715553503;1,7187402289081;2,87576192281505;-1,10806314320986;1,09200990776552;-0,600159815731304;0,957845586839161
"25";100;20;0;0;1;1;2,08;95,75;0,000323953101565774;0,0999636547364538;0,00125533854246137;0,223924295437035;0,998513257677596;0,490413610054863;1,00580290254731;1,4283472664373;4,94573415949896;7,42037512707207;1,71844154324715;2,88399214018217;-1,09827161722433;1,07896498725916;-0,605063049286856;0,957519448942916
"26";100;20;0;0;1;100;2,08;95,75;-0,000179436540688372;0,0999892274688344;0,0087597380039172;2,24133702184795;0,999324816059207;0,497874964819248;99,8330641710715;116,52621944639;4,97716860137466;7,50752592584631;1,69944608749308;2,87041022150193;-1,10417236492205;1,08802961964872;-0,598820473875824;0,955867137601633
"27";100;20;0;0;1;4;2,08;95,75;-0,000519459452703997;0,0999575736569167;-0,000198674822736398;0,44718527907301;0,999923286110862;0,567170981855439;4,00118209197546;4,13100529780462;4,95009930544929;7,39888044416918;1,70798819230962;2,88599023606539;-1,10391722395927;1,07831850605045;-0,603423231448571;0,955093686968885
"28";100;20;0;0;1;16;2,08;95,75;-0,000294974194548255;0,0995990810641919;-0,00239773309851398;0,895649113050903;1,00015457301688;0,500004940953119;16,109431459286;28,1491763326803;4,98043253265644;7,51941866139105;1,71651978248091;2,8914543389993;-1,10671456059595;1,08531937863274;-0,60412727458797;0,958061021921669
"29";100;20;1;0;1;0,01;2,08;95,75;1,00003912768867;0,0999058410357047;2,64639784942655e-05;0,0223314501238364;0,998291758579572;0,590859058820085;0,00995880351375024;0,00977422331563188;4,92725955841504;7,43263190985291;1,72147729385123;2,8877448086007;-1,10022565985015;1,07720273011349;-0,601975844736957;0,961322589239523
"30";100;20;1;0;1;0,0625;2,08;95,75;0,999980486667025;0,100040406827893;0,000286689904010693;0,055516599305976;0,998945731748666;0,541170262093999;0,0619209654065202;0,0641230830564016;4,96632606608024;7,51956802692924;1,6948013576169;2,85202039150748;-1,10465648119821;1,085892965619;-0,599358374120987;0,952029686862207
"31";100;20;1;0;1;0,25;2,08;95,75;1,00039050378814;0,100102553460689;-0,000458390812121133;0,111692403887213;0,99808716182005;0,7634319381447;0,249775559143899;0,250540222025727;4,91688208755213;7,35440126034427;1,7058347034001;2,87483486040526;-1,09406195347235;1,07651340318237;-0,602001139606568;0,956243072283058
"32";100;20;1;0;1;1;2,08;95,75;1,00041596839283;0,100051759831093;0,000611319927237165;0,223308753640961;1,00205296177311;0,793580505037307;0,998199558326334;1,00544776433452;4,98091357011855;7,53060578504598;1,71436006510834;2,89691256302046;-1,09904267709292;1,09169940615179;-0,60048810260064;0,95911046668343
"33";100;20;1;0;1;100;2,08;95,75;0,999749991836317;0,100182415379854;0,0035443076215251;2,24279002970368;1,00000003546064;0,5199497511859;99,965264785977;118,376766883475;4,96559598138902;7,50984373251738;1,71853524550615;2,8785271060751;-1,10442184525581;1,08520004010529;-0,603898479914159;0,957632533169542
"34";100;20;1;0;1;4;2,08;95,75;0,999643257819356;0,0999577837959095;0,0016629533378377;0,448928130953545;0,998300270681602;0,492427439615737;4,00495154371873;4,4543772343284;4,98254183777226;7,48320700496592;1,7121563229019;2,8877676892989;-1,10332054427734;1,08728565294668;-0,604318712241853;0,957960318262087
"35";100;20;1;0;1;16;2,08;95,75;1,00041149541127;0,100330352957658;0,00296217122653682;0,893770494922002;0,996516984685278;0,484918622995671;15,9887487249151;15,0758397131807;4,91695672619577;7,41156362656152;1,7270702933431;2,89688732960846;-1,09939270443174;1,07606366996971;-0,604775873878577;0,961155737962706
"36";100;20;2;0;1;0,01;2,08;95,75;1,99980834734026;0,0998766246497343;0,000141802494061259;0,0223757778393701;0,998831969771606;0,518190222769543;0,0100035500092193;0,0120225826611501;4,97080054651621;7,48890890301434;1,71094120740521;2,8902850877981;-1,10076215167943;1,08710092721043;-0,600870449394121;0,958089903324858
"37";100;20;2;0;1;0,0625;2,08;95,75;2,00003159006828;0,0999586757649599;0,000189802774647036;0,0559272878574729;1,00105774219256;0,563497496183371;0,0624603854557556;0,0978755153004174;4,95561043256784;7,49785728563366;1,71980144142441;2,8879276008785;-1,10034279886531;1,08577797299204;-0,601493323212554;0,960522770437789
"38";100;20;2;0;1;0,25;2,08;95,75;1,99999357318964;0,0998361125476456;-0,00045655365753174;0,111966806999362;0,996202909588391;0,46801881234675;0,250172331511771;0,314218732985709;4,91749691679202;7,32185056495012;1,71007580814054;2,87225628712984;-1,09931350306748;1,07102191297456;-0,60250109145394;0,954833161560951
"39";100;20;2;0;1;1;2,08;95,75;1,99981982181419;0,100543962405781;-0,00033904040773135;0,224246643092005;1,00174168752337;0,533771160187888;1,00471614989653;2,11050936478027;4,9887400118158;7,50735334517945;1,71080904968476;2,87926255618542;-1,10552222488649;1,08839858686676;-0,602326706669028;0,95577263632065
"40";100;20;2;0;1;100;2,08;95,75;2,0002232438614;0,0999037463642765;-0,00704847393642986;2,23887837874095;0,999172799034189;0,616705420427827;99,9980995797902;104,366445978342;4,94444538192301;7,4832297521204;1,71550164971599;2,88634370690593;-1,09844055867706;1,08431597337568;-0,60511750100927;0,956979808731392
"41";100;20;2;0;1;4;2,08;95,75;2,00050702040433;0,100229888064623;0,000453482913614193;0,449016100879976;1,00070615003554;0,706500143674962;4,01113637989457;5,18883218881984;4,94979127782152;7,42975103847095;1,722748544536;2,89618219361884;-1,09925893414972;1,0806648795468;-0,603885234766006;0,959559712583167
"42";100;20;2;0;1;16;2,08;95,75;2,00000144147312;0,0997531979747347;-0,00366472246374819;0,89860437901016;0,998364776032925;0,487207840139598;16,1063977784207;24,8613326005508;4,9472382405749;7,42658855313995;1,72268542185573;2,88978286021091;-1,10012812414363;1,0810462381706;-0,603279360292981;0,959746832816554
"43";100;50;0;0;1;0,01;2,08;95,75;0,000366594791355732;0,0999018968940755;5,51344953431414e-05;0,0141350382792174;1,00447228906202;1,20149974102858;0,00999237563022917;0,00852244826251991;4,96701675195045;7,46522310401896;3,31850995069258;4,91194986133242;-1,10297374699703;1,0822709067529;-0,890852558966944;1,01891598830396
"44";100;50;0;0;1;0,0625;2,08;95,75;-0,000197079790411303;0,0996224424031624;3,25312087206232e-05;0,0352137445077935;0,999586001392753;0,627528452525568;0,062490895611688;0,044898617171425;4,95525411361946;7,44633593383497;3,34069841671054;4,97374688676911;-1,10251533528335;1,08224040195416;-0,897889999865567;1,02298886127915
"45";100;50;0;0;1;0,25;2,08;95,75;0,000318338479229327;0,100157339061912;0,000345520655946293;0,0706863498418552;0,998697361603231;0,492586909429061;0,248338829678137;0,177130442907799;4,98832356896737;7,5105020022124;3,30492717716337;4,86282416441469;-1,1065039320762;1,08772779401946;-0,888167646481174;1,01555015902423
"46";100;50;0;0;1;1;2,08;95,75;1,67557017619556e-05;0,0996243872045518;-1,5395917738129e-05;0,141586255761241;1,00026038333472;0,578536100816932;1,00244463579643;0,975518838180929;4,95499149885273;7,45716873298519;3,34823519020538;4,96930993832243;-1,10276955279405;1,08153443034705;-0,896269375933586;1,02668608041746
"47";100;50;0;0;1;100;2,08;95,75;-0,000369517389813698;0,100362270194632;-0,00498139968032877;1,42038956981338;0,99981742297365;0,509623667622452;100,063436039222;76,8898895687541;4,97906607461818;7,49820839142073;3,33705660656605;4,92946846651415;-1,10511216787509;1,086330855333;-0,893145725188296;1,02236797080426
"48";100;50;0;0;1;4;2,08;95,75;-7,6104145353335e-05;0,1002587657489;-6,04651127846057e-05;0,283778659146794;0,999132157316387;0,492451806394651;4,01400387273645;3,69418150235555;4,97504160838502;7,4699386395001;3,30949244011456;4,90998927577272;-1,1073793954456;1,08263024677145;-0,89243962797136;1,01615499045198
"49";100;50;0;0;1;16;2,08;95,75;0,000310716997988865;0,0998875565883915;0,00313283228978932;0,566852141040708;1,00038264896173;0,65828202277973;16,0272347208813;12,2276679333262;4,95625813696155;7,49320650062087;3,33713227002924;4,9695907951716;-1,09854906630167;1,08519379073503;-0,894262013609264;1,02494402039304
"50";100;50;1;0;1;0,01;2,08;95,75;1,00011157380949;0,100155097723263;5,24895402194532e-06;0,0141267141777787;1,00206642090907;0,598608521243856;0,00999393177272514;0,00711915974628426;5,00280705334034;7,60796992406964;3,31533863547627;4,90486799618558;-1,10791897845267;1,09379168218016;-0,891804590003094;1,01804751993846
"51";100;50;1;0;1;0,0625;2,08;95,75;1,00023121157501;0,100083282029404;-7,24113723341066e-05;0,0353876579525321;0,999178536956435;0,585939256547631;0,0625211643253014;0,0591404025725139;4,95893619033018;7,45597573140194;3,32403685032345;4,91011710629819;-1,10358750037977;1,0815819738642;-0,894868700472949;1,01806135883948
"52";100;50;1;0;1;0,25;2,08;95,75;0,999815772991702;0,0998602883366677;-0,000254068110404397;0,0707296849550912;1,00085501986979;0,520470082382163;0,249780457326411;0,178718290840071;4,99345596628204;7,53954998115212;3,31884898424874;4,93211184029211;-1,10684213671643;1,09029754183818;-0,894253972611361;1,01905940529952
"53";100;50;1;0;1;1;2,08;95,75;1,00032262009882;0,0997527727885611;0,000170241947628664;0,141235271530255;0,99869991862583;0,504466573722007;0,998441380908033;0,737512003015497;4,95520550841274;7,49068936275886;3,31986973644877;4,94133412319801;-1,09999250932529;1,08514363984115;-0,894669433827726;1,01907151350177
"54";100;50;1;0;1;100;2,08;95,75;1,00021109292562;0,100654687645411;0,00224354016766705;1,41686136110402;0,999771407355745;0,518593711796467;99,9851083165505;69,9263618647863;4,97000166480986;7,54729189461749;3,3172284835893;4,9277450254669;-1,10098076074072;1,08997015490471;-0,89158001277613;1,01934045569706
"55";100;50;1;0;1;4;2,08;95,75;1,00015031673161;0,100200737544911;0,000177033071672646;0,283338317270955;1,00109461869293;0,578383898963092;4,00931587099029;4,90360128902452;4,9731249619818;7,48959549799359;3,32383562993909;4,91434652634463;-1,10184868725901;1,08647644450221;-0,891464602500056;1,02154342283247
"56";100;50;1;0;1;16;2,08;95,75;1,0004272598453;0,0994715120992968;0,00124090323934058;0,568317002078392;0,998539603213519;0,509417852249017;16,0645501779613;12,8395202404261;4,95903429011785;7,49539500370205;3,33255283764254;4,99570617243025;-1,1005163402345;1,08485474225442;-0,890838165286819;1,02721788603367
"57";100;50;2;0;1;0,01;2,08;95,75;1,99972555609582;0,0995454245767706;-9,53293699522458e-06;0,0141383899768385;0,997887883496515;0,468461032184854;0,00999859712964478;0,00707851523666892;4,98677574736234;7,5024046220484;3,31320220600783;4,98873666258634;-1,10724531371494;1,08746613510855;-0,893619064946047;1,02157868645428
"58";100;50;2;0;1;0,0625;2,08;95,75;2,00069373307867;0,100298010581028;-3,63824537954921e-05;0,0354129240066915;0,99749189815687;0,529273416281038;0,0624484377833894;0,0488239536709225;4,95179202134249;7,426809217836;3,3059779433398;4,89121471456088;-1,09799516738818;1,08195784544062;-0,890017077949819;1,01652645908269
"59";100;50;2;0;1;0,25;2,08;95,75;1,99955677187856;0,100311486795448;0,00043242508318757;0,0708254573014682;1,00130046344635;0,565218820936367;0,249454460508623;0,195482449298844;4,97902866306912;7,52966063874101;3,2946200250317;4,89062658886327;-1,10516254509593;1,08867193003678;-0,884754696842069;1,01717148153374
"60";100;50;2;0;1;1;2,08;95,75;1,99971678142659;0,100085112834193;0,000408282852953901;0,141788888506494;0,997182712471958;0,458227484288811;0,997700660572575;0,836511917073111;4,95520720545159;7,36380384394476;3,309808615462;4,91290807519182;-1,10364234376614;1,07599855334715;-0,888025907316277;1,01980661527387
"61";100;50;2;0;1;100;2,08;95,75;1,99910058262297;0,0997700952944819;-0,00405053026817958;1,41332709973812;1,00152446960917;0,538358469136332;99,6510482773239;65,6722000318646;4,99633001968227;7,54213999581012;3,30931042706639;4,89637465462289;-1,10712567133519;1,09132461632231;-0,890562487160063;1,01684995858146
"62";100;50;2;0;1;4;2,08;95,75;2,00016291987957;0,100057701235931;0,00208540512168874;0,283142498725464;0,999507235138444;0,763908108120852;4,01187293305201;3,13856711339684;4,94261410964068;7,46498105272681;3,37699240985227;5,01805457884844;-1,09898385836992;1,08279176944629;-0,894888371022048;1,03422964732154
"63";100;50;2;0;1;16;2,08;95,75;2,00004307018851;0,100186955862212;-0,00311956728642147;0,566746477718435;1,00187546428473;0,758685217215638;16,0228915019902;11,2595474867208;4,98430654005357;7,52315536278143;3,34908991674202;5,01046791279703;-1,09965993154157;1,09152603221834;-0,895496794145277;1,02828656411661
"64";20;100;0;0;1;0,01;2,08;95,75;0,000469370851207366;0,224200651692767;3,47831178184758e-05;0,010011850064329;0,999412769837975;1,05746249762921;0,0099814481683242;0,00506998189752223;1,71623245016762;2,88876212114064;4,94717048150676;7,45281351557085;-0,602768091499169;0,958274970835647;-1,09925730276995;1,07995937532712
"65";20;100;0;0;1;0,0625;2,08;95,75;0,000240884528664748;0,22316480994453;7,65735375432574e-05;0,0250142226607284;1,00019718379905;0,978673839985188;0,0624961835488036;0,0309753498080474;1,72580418206186;2,89177147266035;4,99740609115371;7,58109069554358;-0,600724286875465;0,961678987969122;-1,103044590091;1,09290880103402
"66";20;100;0;0;1;0,25;2,08;95,75;-6,03683914223211e-06;0,222063501672771;-3,5204159048285e-06;0,0499030759265024;0,994209545042747;0,925158077017644;0,249747820159126;0,156957968643601;1,7275376502288;2,88926716307936;4,95271788861668;7,40782411515921;-0,604901746883938;0,960695991000494;-1,10108141197079;1,0792525339085
"67";20;100;0;0;1;1;2,08;95,75;-0,000219732748001652;0,224657112527745;-0,000125642642913261;0,100214229733385;1,00737272924853;1,27184504012859;0,999468977772084;0,533558217814748;1,72652071237139;2,89826990159151;4,93145631306608;7,39450954776086;-0,605658072282626;0,961342192080142;-1,096383703124;1,07988479489869
"68";20;100;0;0;1;100;2,08;95,75;0,000533473470611539;0,223940327733417;-0,00165192920269528;0,993048549709839;1,00067145187682;1,2597349578229;99,805625805364;63,7341117646662;1,71642966785226;2,87919416712775;4,95769666976394;7,40071507926452;-0,605563854132697;0,957204213342391;-1,10367800896488;1,07832093374734
"69";20;100;0;0;1;4;2,08;95,75;0,000186655329644494;0,223992235818303;5,3117979959342e-05;0,200098600960888;1,00087316802929;1,33116366620918;4,0049492140363;2,38414589801477;1,70977347880695;2,87751370015986;4,95586641421565;7,50432004691686;-0,603840743421231;0,95608918451185;-1,10166134312074;1,08532824692952
"70";20;100;0;0;1;16;2,08;95,75;-0,000562841478108509;0,223901762763347;0,000506236460921397;0,401029186823714;1,00197461832708;0,968556720978634;16,0011828857499;8,45102165440361;1,74078135216312;2,91824951253896;4,98084099551224;7,51031243625743;-0,6092223289359;0,964211413239712;-1,10599452712551;1,08588948168532
"71";20;100;1;0;1;0,01;2,08;95,75;1,00034602355483;0,223819434899131;4,65696087625488e-05;0,00998897972789448;0,998756090416602;1,28226658443883;0,0100015276581684;0,0052357874628787;1,71646070033514;2,88990014571455;4,96024692736933;7,45203739648321;-0,605698125275537;0,957019515715446;-1,09846289047188;1,08475760003384
"72";20;100;1;0;1;0,0625;2,08;95,75;1,00020063342164;0,223255797074093;-8,89768902096393e-05;0,0250026155745292;0,995659335243685;1,00073051345142;0,0624932874013731;0,0328085178816808;1,70761309179386;2,88464962574819;4,98463002080289;7,51818424817618;-0,601899058176692;0,958124491232722;-1,10388881828349;1,08915769672359
"73";20;100;1;0;1;0,25;2,08;95,75;1,00091250257295;0,222923990969034;0,000109185881350752;0,0497114635404765;0,997069738252365;0,996868043611037;0,249874957722456;0,134682051826191;1,71101019797925;2,87921502031338;4,94558889995711;7,47769194822729;-0,597719308085664;0,960501902436673;-1,09829155197486;1,08428316272348
"74";20;100;1;0;1;1;2,08;95,75;0,999068507258892;0,223551167971945;0,000285458299492738;0,0997591390109305;1,00285965471702;1,11816961222542;1,00075472611183;0,638171073967271;1,71703172857145;2,90111909984939;4,95867459093907;7,48091601577704;-0,604814786707058;0,95983808874332;-1,100293060966;1,08391085325943
"75";20;100;1;0;1;100;2,08;95,75;0,998998717519835;0,223617147532576;0,00149959319417203;0,99936206604718;1,00124622090848;1,21258522253345;99,8564754428082;56,855500392175;1,71072803685898;2,88925778241937;4,94706370574898;7,45935653893058;-0,605673084594084;0,955493909668123;-1,10344071059846;1,08047161436319
"76";20;100;1;0;1;4;2,08;95,75;0,999325777034481;0,224108061963859;0,000630958830529702;0,199560199723831;1,00754371271477;1,42402026892939;3,98828001719849;1,99411945142547;1,72860557254663;2,89860027407462;4,9400388828342;7,42394828726341;-0,603009324737871;0,960913268474418;-1,10204884347075;1,07748345316785
"77";20;100;1;0;1;16;2,08;95,75;1,00036908480583;0,223303734564319;0,00035845519935766;0,399814783075028;0,994713282991841;1,02892121240726;15,9985492004231;9,61292712711979;1,69847863053087;2,86356482802659;4,95866827666699;7,48489008972538;-0,597669810683521;0,95413397201959;-1,10557690929405;1,08130216456679
"78";20;100;2;0;1;0,01;2,08;95,75;2,00022900810603;0,223492627713975;-1,19307955239995e-05;0,010005654049805;0,99711656371836;1,03414912967608;0,0100078032481131;0,00564594979375519;1,71975190052728;2,88652438638841;4,94640260114597;7,4422605698386;-0,602461438775342;0,959608385533633;-1,10450590043938;1,0783273390233
"79";20;100;2;0;1;0,0625;2,08;95,75;2,00026189667824;0,223093205328995;-6,29569055422904e-05;0,0250302571201436;0,993947597454276;0,974786428299237;0,0627735421195224;0,0598296759319148;1,70752934388844;2,87602952513649;4,97520873723857;7,48110963863289;-0,600231513387702;0,957363432723603;-1,10607497494089;1,08426691433111
"80";20;100;2;0;1;0,25;2,08;95,75;1,99972204168748;0,224529500800676;-2,9088348898063e-05;0,0500148665918184;1,0054440115469;1,4372884211188;0,24937726150232;0,14897897922872;1,71230102866533;2,89167853911807;4,93078774380036;7,45336517403674;-0,605015815974954;0,956526910113066;-1,0977907948527;1,07903992115035
"81";20;100;2;0;1;1;2,08;95,75;2,00024530631828;0,223576497872017;0,000581937481220971;0,100231771336125;1,00319071958111;1,57974087031104;0,997940775828701;0,54809499456717;1,71547541821488;2,87869132743704;4,92023765730225;7,41138834056506;-0,604459501884036;0,957276701073458;-1,09463455550196;1,08077075268512
"82";20;100;2;0;1;100;2,08;95,75;1,9995858648094;0,223627988061913;-0,00138062254274982;1,00239461236723;1,00574900283828;1,27505881702107;99,9518495814983;50,6797869828705;1,7235573679217;2,89563949771246;4,97099078779541;7,47545415985806;-0,60678881596107;0,960452998819523;-1,10133508408905;1,08501051371873
"83";20;100;2;0;1;4;2,08;95,75;1,99972561309299;0,223081638159273;0,000898361112676739;0,199488321670001;0,999634815787617;1,1013109051779;3,99211788140808;1,85805760605467;1,718221587309;2,89042199300487;4,98105181061559;7,48029218198329;-0,603921839435275;0,959155060291135;-1,10333784324248;1,08732853792933
"84";20;100;2;0;1;16;2,08;95,75;1,99986623475835;0,224454691020914;0,000468665912887311;0,39921522325177;1,00308447682516;1,32431656868359;16,008329330685;9,2220315960133;1,70808853814246;2,88711471664892;4,97640684673186;7,51496704746487;-0,602295541800097;0,958471033753617;-1,10793697291359;1,0844702365779
"85";20;20;0;0;1;0,01;2,08;95,75;0,000709011337705633;0,224193535667199;4,1090032786099e-05;0,0222762947777086;0,999251489076697;1,10352945272487;0,0099907067182243;0,0117929611458783;1,69729838454657;2,86485377609743;1,71167087699913;2,87026180022042;-0,598519295558586;0,953648636926427;-0,602047398672045;0,957186063273722
"86";20;20;0;0;1;0,0625;2,08;95,75;0,000253953945605848;0,223144994980647;-0,000189974007373387;0,0558249936610002;0,999909856169528;1,35864608991563;0,0626614202538329;0,065169510495675;1,70260576267597;2,8655144638525;1,72059926898705;2,90366823890062;-0,603799378344014;0,95155556285938;-0,602822331534332;0,961946973149626
"87";20;20;0;0;1;0,25;2,08;95,75;-0,000604825074748911;0,223804503957316;6,1733013815061e-05;0,112285290665098;1,00257501621439;1,24871426949466;0,251583544231429;0,493761144621622;1,71397684111871;2,88795055191228;1,71221815164531;2,87287415282704;-0,602474154476204;0,956627526198647;-0,600078595805449;0,95712871150113
"88";20;20;0;0;1;1;2,08;95,75;0,000394375218928466;0,223883086685952;0,000219601946257671;0,222528880375264;1,00692288433508;1,58712811289594;0,995405041624851;1,19875668230559;1,72260988617392;2,89263028801768;1,70065971925321;2,86250090558792;-0,601733061377163;0,961007640183581;-0,598470932597666;0,954681545866441
"89";20;20;0;0;1;100;2,08;95,75;-0,000990820718310732;0,223572475396823;-0,00201022785912761;2,23639609006417;1,00344480330239;1,41464802170808;100,342545470125;135,345586183009;1,72404116249527;2,89890871191437;1,72817256491182;2,90283373193051;-0,606119006874302;0,960086847830123;-0,604329294010796;0,960612540506706
"90";20;20;0;0;1;4;2,08;95,75;-0,000429307982103725;0,223588318454809;-0,00165449452012735;0,447896375082896;0,995657488982345;0,985136019033601;4,02111680069489;4,76739975814201;1,72027380421801;2,88471100962513;1,71916590442235;2,8989955350243;-0,605645370251543;0,958487968642253;-0,600757262575579;0,962423130843121
"91";20;20;0;0;1;16;2,08;95,75;0,00103192500000559;0,222846602352185;-0,00520115719355629;0,89713436202964;0,994509602201582;0,957140132843687;16,1391189501197;18,1991132169407;1,71757812091281;2,889080296364;1,73300112124692;2,91346361789077;-0,602687108438924;0,9589707075875;-0,610480815035964;0,961686770561764
"92";20;20;1;0;1;0,01;2,08;95,75;1,00013430608476;0,222751399449208;-2,21355752813114e-06;0,0224378786463832;0,994822942054544;1,06306963616792;0,0100383999579318;0,0128726516782683;1,69835474811645;2,85298067735363;1,71711778289526;2,90022646736172;-0,599594317855287;0,952431159147932;-0,603546432737639;0,959746951225244
"93";20;20;1;0;1;0,0625;2,08;95,75;0,999446358070144;0,223593391727111;-5,51365988877271e-05;0,0556899958457601;1,00234789890454;1,3896612055074;0,0623183876325199;0,0609816677907056;1,72830627407277;2,91042922796769;1,71027163136538;2,87349165247375;-0,603079379300517;0,963807125066489;-0,601829428265821;0,954970266170048
"94";20;20;1;0;1;0,25;2,08;95,75;1,00027065316662;0,223697940222609;-0,000137832373166348;0,112056729414592;1,00070978021771;1,5173286362764;0,249639716123486;0,275390408903286;1,7079081423073;2,87702905043355;1,7215058761737;2,89728518586465;-0,601868486901445;0,956332367064105;-0,605262897425726;0,95995850456682
"95";20;20;1;0;1;1;2,08;95,75;1,00049871675584;0,224412408964903;0,000456856684599176;0,22291592794515;1,00479875928286;1,55855193107311;0,994028117443907;0,960659497908509;1,71016209313963;2,88968395582123;1,70970714073543;2,88088974474096;-0,598814381032033;0,958474300087462;-0,60174706534149;0,955949094120536
"96";20;20;1;0;1;100;2,08;95,75;1,00033337464091;0,22450423293304;-0,00124447617446259;2,23846876140446;1,00205279649943;1,08726179317952;100,188448472528;111,32262787552;1,72093625748086;2,90284009363468;1,70395651328878;2,87703615489682;-0,600886390394468;0,962015529918821;-0,600055166037135;0,955801875517715
"97";20;20;1;0;1;4;2,08;95,75;1,00043071711159;0,224052874921934;-0,00169916746434947;0,447902720765596;0,995948540329165;0,991793027731256;4,00444770579346;6,71867125993716;1,70528940717254;2,87220713260133;1,71722484759063;2,88467431500879;-0,601296977390302;0,955259859912765;-0,606785254849088;0,957576647628997
"98";20;20;1;0;1;16;2,08;95,75;0,999148497038334;0,223180225250048;0,00451856992884839;0,888911919167391;1,00397974397336;1,11381612903578;15,9136752684495;21,6804036472546;1,7240353444589;2,89380999000518;1,69712805564536;2,84937197293736;-0,606804460973632;0,95938031333625;-0,595303179851124;0,954279039028426
"99";20;20;2;0;1;0,01;2,08;95,75;2,00022363788959;0,223189285455172;2,72698102904861e-06;0,0223140149157613;0,998695314690306;1,06492680714408;0,00999591693790123;0,0115715891862009;1,71481247669169;2,87755391184107;1,70983613491575;2,87689950331322;-0,601913629493402;0,957623917386686;-0,60051219833694;0,957536623608115
"100";20;20;2;0;1;0,0625;2,08;95,75;1,99893980658895;0,224546677756681;6,37025459608496e-05;0,0557592971520244;1,00480410341783;1,20965693775017;0,0623320231233205;0,0664883794093266;1,72928941130811;2,9119363088846;1,71399065587231;2,86749737960726;-0,604403744151959;0,965401394356184;-0,601107963095134;0,956503116331597
"101";20;20;2;0;1;0,25;2,08;95,75;2,00028394224209;0,223612330463211;-0,000293843220662106;0,111726106871149;0,998580819751031;1,02379463808917;0,250064808248988;0,256719824545622;1,71760774854211;2,88487073141872;1,71788269853418;2,89430467576673;-0,601162423131482;0,959542987224734;-0,601837048143043;0,96074255332677
"102";20;20;2;0;1;1;2,08;95,75;1,9993852737746;0,224353435866269;-0,000190522386770677;0,223432697622502;1,00062527402148;1,02376054234555;1,00164542823319;1,0761526406816;1,70629661074959;2,87392281128848;1,7377816237289;2,90836045249185;-0,602190143326939;0,955763255030719;-0,610830641983703;0,960199548889301
"103";20;20;2;0;1;100;2,08;95,75;1,99894832001626;0,224546795084673;-0,00813633750686883;2,24090418337295;1,00647016313445;1,61650344432108;99,6631842853463;103,794088727425;1,71188674833628;2,87206714903195;1,71656620282126;2,88237340730898;-0,604218663929136;0,955551890174866;-0,602319052543774;0,957792536868382
"104";20;20;2;0;1;4;2,08;95,75;2,00060693306145;0,223187870139534;5,46997109117528e-06;0,448015759426455;0,998485423768464;1,11337015630506;4,00453791559298;4,74449315831856;1,71812872272086;2,88358996667453;1,72277988799983;2,90599369980799;-0,604181408621197;0,957858886510878;-0,602799071467026;0,962872485260903
"105";20;20;2;0;1;16;2,08;95,75;1,99984285246093;0,224966499794225;-0,00601598234741422;0,897448491519653;1,00582143257402;1,25830289073373;16,0598100963673;17,6290739238435;1,731902698;2,90236722319459;1,73456302642229;2,90726199288951;-0,602182635331035;0,963216744650848;-0,609364256561837;0,959994435137861
"106";20;20;3;0;1;0,01;2,08;95,75;2,99987938759853;0,223608178403414;6,1951552623413e-05;0,0222359828484613;0,997807324313407;0,930508362760286;0,00992026546583804;0,00938288018977256;1,71804071122787;2,90084778002167;1,7050130590593;2,86639016260618;-0,60640708475791;0,958993775095626;-0,598672692190851;0,957464368775571
"107";20;50;0;0;1;0,01;2,08;95,75;0,000451092144306359;0,223316437501441;5,64550201795689e-05;0,0140884910801527;1,00050953058822;1,32724616668984;0,00997309682700021;0,00664718894705974;1,71142023523898;2,87383398452776;3,32974371076517;4,93844743311605;-0,597588648069514;0,958099383501049;-0,892284820815413;1,02257642820459
"108";20;50;0;0;1;0,0625;2,08;95,75;0,000402840166276342;0,225220416555095;0,000147000474759629;0,0353993785985283;1,0018830207005;1,0594006021387;0,0622624429950658;0,0433708962308638;1,7289516101762;2,88505543649972;3,31431698877191;4,89936261853243;-0,606016095419835;0,958835591574456;-0,894030201711899;1,01530076753284
"109";20;50;0;0;1;0,25;2,08;95,75;0,00121455599719735;0,224224414948814;0,00014230876833901;0,0706470203021036;1,00305234529576;1,35744463141789;0,249560945533113;0,168552908276761;1,71506892149555;2,88910582058762;3,34506166012811;4,94573176990871;-0,601892369645735;0,958097507755844;-0,89324520083772;1,02563027490516
"110";20;50;0;0;1;1;2,08;95,75;-0,000558008656999532;0,223440867895534;-5,61353339358738e-05;0,14110605058899;1,00326551836145;1,17407257220474;1,00041996714975;0,811691105156429;1,72089001392176;2,89791911308053;3,31770501475943;4,90274863243072;-0,607412137007251;0,958856583844481;-0,895881848219602;1,01646953645525
"111";20;50;0;0;1;100;2,08;95,75;0,00097720292165622;0,223654365532907;-0,00985207331109823;1,42009035061363;1,00269512106029;1,10448856051854;100,514593048009;77,1243325002184;1,71320156917389;2,89404736031497;3,34199096955961;4,97348898896482;-0,604074362867264;0,957387054607508;-0,895817610213609;1,02517103709215
"112";20;50;0;0;1;4;2,08;95,75;0,000520225149129956;0,222811953117547;0,000440509110392898;0,282800325787272;0,995564055105006;1,16308218939655;4,02063698600675;3,67178743749624;1,70376359782917;2,85986465339327;3,35698897293257;4,98371715719439;-0,603918913877344;0,953046532650415;-0,897031873106485;1,02735440366973
"113";20;50;0;0;1;16;2,08;95,75;-0,000184287930533092;0,223213517955175;0,00210769018564293;0,566253996578683;0,996308892180804;1,06729726458166;16,0028548520348;14,3700225254336;1,69736998061304;2,86172435504374;3,31896326466319;4,93001211724952;-0,601753235896131;0,952111539121761;-0,89069954227306;1,02054158009887
"114";20;50;1;0;1;0,01;2,08;95,75;1,00081564626644;0,222723143738981;-1,36912306068415e-05;0,0141275234622972;0,995540998262833;1,14590231044796;0,00997600605906624;0,00672355722568553;1,70136478777381;2,87192450021372;3,31358115303888;4,9176186734232;-0,603775168970873;0,952528003138111;-0,886673366212572;1,02175635068243
"115";20;50;1;0;1;0,0625;2,08;95,75;1,00020513015916;0,22327361407661;0,000167990098881957;0,0351530509838225;0,996769704073434;1,09868275755225;0,0619966329210231;0,0381334939859608;1,69868502688567;2,86521704009594;3,3060527570475;4,89440351471069;-0,59609459817347;0,954105377307845;-0,887855836676925;1,01698767984304
"116";20;50;1;0;1;0,25;2,08;95,75;0,999943045867751;0,223553362357899;-1,99568322592451e-05;0,0707288379093094;1,00410176626702;1,22045116002768;0,248915563453691;0,179210553659881;1,71872956837856;2,89293800957857;3,30247007749529;4,88162584344886;-0,601834727830394;0,960041138149382;-0,889258208232628;1,01673210995553
"117";20;50;1;0;1;1;2,08;95,75;0,999132919203701;0,223711550085611;0,000582849107327882;0,142360811415851;0,999867514826807;1,63758383957781;0,994949658871947;0,739300069398223;1,72294839862952;2,87211053363823;3,29326232243843;4,86715344074014;-0,603368284568435;0,957234076762665;-0,889602988613971;1,0120604622262
"118";20;50;1;0;1;100;2,08;95,75;0,998937755655912;0,224259243993258;-0,00219310687464957;1,4158981667142;1,00189816288394;1,11349086555751;100,182750635031;76,2740107647784;1,72941567653775;2,89950665172292;3,32948251496951;4,98474042262549;-0,606924050296459;0,96018185950909;-0,890674961331085;1,02554920907205
"119";20;50;1;0;1;4;2,08;95,75;1,0006537099615;0,22292183061537;-0,00136243355806168;0,282841630308682;0,993687831448506;1,05464673673538;3,99973438809577;2,91292645904307;1,69471205036553;2,86786908755747;3,32655354913387;4,95119810138273;-0,600129028054049;0,95260960466903;-0,894473349081584;1,02095036417812
"120";20;50;1;0;1;16;2,08;95,75;0,999785770958937;0,222834505081044;0,00287560834010221;0,565758686066575;0,999227996393576;1,01911003698969;15,940465093944;12,2314255313379;1,72267471461771;2,88020446338802;3,31371108641751;4,89537800157946;-0,602571415240096;0,959063274875033;-0,889573285597054;1,01888719576388
"121";20;50;2;0;1;0,01;2,08;95,75;2,00042089623888;0,223429441657931;4,59901899666731e-05;0,0141489509525553;0,996659008932561;0,988694581129747;0,00999129643963754;0,00662920568373129;1,72225380065862;2,88721951289375;3,33787482189161;4,95480581649599;-0,607774463479373;0,957618178845331;-0,895580183489987;1,02302767790244
"122";20;50;2;0;1;0,0625;2,08;95,75;2,00078900237503;0,223385068958355;0,00015337250631469;0,0352431996622093;0,995195152820369;0,947820014449963;0,0622029216380731;0,0410663246586165;1,71313390683477;2,8818848945309;3,29052250993685;4,88792987295389;-0,600149155788113;0,959175893580116;-0,883826069981122;1,01655996822918
"123";20;50;2;0;1;0,25;2,08;95,75;1,99875142817683;0,223210070419061;9,60869384145402e-05;0,070779157320989;1,00060105744064;1,12483014750292;0,24998460343836;0,220534303090185;1,7188022980929;2,89367988427594;3,33973747596063;4,9106549448327;-0,608759927214831;0,956748415977317;-0,896153031195612;1,02090503904408
"124";20;50;2;0;1;1;2,08;95,75;1,99960905836404;0,223894545037718;0,000420784137005783;0,141207496557588;0,998416570877176;0,972430096756485;1,00203340486222;0,962028164745788;1,70990559243439;2,88208940437751;3,33225838433771;4,94093771201776;-0,604978265443464;0,954323362781632;-0,895760890069435;1,02095984881441
"125";20;50;2;0;1;100;2,08;95,75;1,99900709966875;0,223022286455568;-0,0018412044623729;1,4150373386977;1,00123943836911;1,03275914004824;100,216603926654;73,680625730662;1,71851626704421;2,88587076702;3,32786364952943;4,95484578659908;-0,604389419472441;0,958300023281546;-0,89301760401911;1,02213572780558
"126";20;50;2;0;1;4;2,08;95,75;2,00094993198991;0,224226308197796;5,12626003128145e-05;0,281946252178874;0,998852723015096;1,00360248908404;4,00405258860849;2,73889032492068;1,71395599050702;2,88371063676251;3,3459045802889;4,95613615649042;-0,602583937830084;0,957696298505467;-0,892596292647059;1,02603928229284
"127";20;50;2;0;1;16;2,08;95,75;2,00075836168755;0,221876613047299;-0,0010624337547592;0,566803969073915;0,990171944989934;0,983403140895999;16,0345137848931;12,3800573984557;1,69461022426438;2,85259519883057;3,31330465471539;4,94161497918339;-0,598784002508516;0,951585137796449;-0,893553782455116;1,0183700085049
"128";50;100;0;0;1;0,01;2,08;95,75;-0,000308866740078373;0,141452722060683;-2,45220164220386e-05;0,00999174860295075;0,999965673055138;0,70034245677583;0,0100369132836024;0,00564178296113387;3,33875339507439;4,94616085112696;5,01899360972846;7,65053914172242;-0,893966005316607;1,02342314491632;-1,10761339212772;1,09752700437557
"129";50;100;0;0;1;0,0625;2,08;95,75;0,000225040829741041;0,141779008840853;4,25696325991341e-05;0,0250152317068009;1,00025670366119;0,799143499266327;0,0623739407240858;0,030275052030019;3,3292083634422;4,9252407975845;4,97432700983447;7,46155690833397;-0,891108945783091;1,02290771994628;-1,10124672522051;1,08575730348402
"130";50;100;0;0;1;0,25;2,08;95,75;0,000155770618632693;0,141070197722836;-6,58268851564419e-05;0,0501472099285564;1,00108648955945;0,717601757228959;0,249906409447925;0,159398961422185;3,35359315374946;4,99951908789188;4,95453200290518;7,42853186445709;-0,8972913468151;1,0278784342615;-1,10013543505632;1,08101362758529
"131";50;100;0;0;1;1;2,08;95,75;8,55952456488955e-05;0,141379680797396;-8,67100138788676e-05;0,100084290735196;1,00075654120913;0,751045773625408;1,00148188542678;0,912603324221572;3,33569660918982;4,95572141104268;4,95855294419772;7,47741751709486;-0,897609058888368;1,02130371119219;-1,10093733590408;1,08423724246448
"132";50;100;0;0;1;100;2,08;95,75;0,000427402193702963;0,141782337816751;-0,00435487542299558;0,998786067220602;1,00125857179335;0,712698699321417;100,031323065331;53,7743561260429;3,3446935604855;4,95242804899294;4,96459069034287;7,45300020128339;-0,895889872433061;1,02363403746306;-1,10587871244096;1,07899500613338
"133";50;100;0;0;1;4;2,08;95,75;0,000824654346334208;0,140953462181827;-2,5643308530339e-05;0,199995830562069;0,997945375455714;0,64609635828179;4,0019383765935;2,28770670990126;3,33551712354754;4,93517937314138;4,97525143044964;7,50116288063657;-0,893501232082206;1,02066524178837;-1,10466489526554;1,08698876375485
"134";50;100;0;0;1;16;2,08;95,75;0,000318821088722459;0,141634577894927;-0,000976532017386293;0,398099875471057;0,999769408958585;0,87177487426365;16,01976376017;8,47744086789007;3,30469272287639;4,90499433158566;4,97561870000911;7,52107393978318;-0,889163742904782;1,01949551897225;-1,10360793329991;1,08860320680004
"135";50;100;1;0;1;0,01;2,08;95,75;1,00026246189159;0,141699000838996;-2,00117778455358e-05;0,0100485020709224;1,00283291084454;0,870901176872085;0,0100159286387927;0,00594796824873411;3,31810536386815;4,9315302554389;5,0029817522624;7,50883248655405;-0,891862734613101;1,02034176435628;-1,10608533309713;1,08865083872387
"136";50;100;1;0;1;0,0625;2,08;95,75;0,999571788820731;0,142045394737619;-4,43597820065858e-05;0,0249428521184884;1,0053477620425;0,824618814325628;0,0624635441637196;0,0315760832554597;3,34934780741081;4,97644911360044;4,98088342407813;7,46756872504882;-0,896855645038007;1,02583361575623;-1,10552296372611;1,08373187437782
"137";50;100;1;0;1;0,25;2,08;95,75;0,999873965007441;0,141436820696247;-0,000251885963835508;0,0500987136010509;1,0010244685432;0,715905694675237;0,250206404876032;0,147079623273549;3,33768011028305;4,98258188246288;4,98715465533366;7,52676644541829;-0,894952351290348;1,02618656960147;-1,10530083857996;1,08884662788554
"138";50;100;1;0;1;1;2,08;95,75;1,00019419214931;0,141996028915627;3,46154900970467e-05;0,100270541046383;0,998872665989421;0,758337799390688;1,00016346139549;0,598483870669311;3,30762105791572;4,9085800323353;4,9557243594499;7,50666426222689;-0,893748105731337;1,01579803686429;-1,103696475539;1,08422952270845
"139";50;100;1;0;1;100;2,08;95,75;0,999469714068708;0,141505378272646;-0,000950155948846766;0,998909534906406;0,999339073359973;0,80501222499643;99,8989857974273;54,7855579110535;3,31571890991808;4,91230808634392;4,99694882944005;7,57474485419452;-0,893505584117643;1,01731763251485;-1,10598189825394;1,0918795958107
"140";50;100;1;0;1;4;2,08;95,75;0,999826590054195;0,141133641788061;-0,000449095665031145;0,199228060476833;0,9964450127608;0,721459173645849;3,99732601284242;2,0112778985168;3,28303142786762;4,87395726671803;4,99019574115591;7,59987673929906;-0,885795450084418;1,01317657503173;-1,10738497149876;1,08979374933291
"141";50;100;1;0;1;16;2,08;95,75;1,00023873057336;0,141413378690331;0,00162830258659764;0,399895168995945;0,997238397185599;0,697948594458157;15,9665314229197;8,69138421354168;3,30671006880235;4,896654166277;4,95281604359197;7,45213295896613;-0,893462492415226;1,01458281442553;-1,09705930572322;1,08302484110092
"142";50;100;2;0;1;0,01;2,08;95,75;2,00022665519855;0,141255890185036;4,12840739286414e-06;0,00998135704940763;1,00090969022868;0,907393261288419;0,00998871946556766;0,00482094465156053;3,32215605925298;4,90240862568779;4,97072039126952;7,5411975583941;-0,892548187169338;1,01916471515413;-1,1037510235648;1,08788919624826
"143";50;100;2;0;1;0,0625;2,08;95,75;1,99959905983693;0,141641249873347;1,76124490584533e-05;0,025070007256082;1,00222458647;0,846980752984769;0,062641406766258;0,0359537405214713;3,33710661918393;4,93540166042272;4,97883097864928;7,56911698781246;-0,897507317896301;1,02157081159586;-1,10362054645146;1,08946152617562
"144";50;100;2;0;1;0,25;2,08;95,75;2,0006582988931;0,141229497719174;8,61733495050624e-05;0,0499704326110951;0,996390272367269;0,736468536353977;0,249090158490436;0,130890598356795;3,30594905830958;4,92014887364935;4,88626292720837;7,31076665372141;-0,887571688857287;1,02018847167372;-1,0936564613537;1,06797751785619
"145";50;100;2;0;1;1;2,08;95,75;1,99953660542695;0,140757422029533;0,000288851168708668;0,100112939297095;0,997597305422125;0,955931055869805;1,00092823258686;0,744184644707488;3,30001750512466;4,86724074318743;4,97532951834101;7,5222025326364;-0,893049869316354;1,01133817534484;-1,10324566687933;1,08691878474286
"146";50;100;2;0;1;100;2,08;95,75;1,9997402869631;0,141590874044453;0,00354239466606046;1,00255159806429;0,997711851856104;0,667669484909451;100,130001146154;58,1037234657383;3,31576766164589;4,90895980206318;5,00444672706741;7,59537221944513;-0,894882643258478;1,01905901217262;-1,10834292637444;1,0924372987057
"147";50;100;2;0;1;4;2,08;95,75;2,00006250108245;0,140594642263371;0,000558211340686292;0,199516015706088;0,996424011705898;0,674367677917168;3,98347575619563;2,05488261261541;3,31905230079484;4,93065695571542;4,93010688500755;7,33588750355811;-0,889506275772226;1,02066071909583;-1,09873798104654;1,07488499342971
"148";50;100;2;0;1;16;2,08;95,75;2,0001769821723;0,141717877554774;-0,00106964227171904;0,400877493831231;0,998110093792652;0,805830439684032;16,0126438727686;8,84925152613414;3,31234528458472;4,91622340074303;4,97380052369596;7,51334609276956;-0,889844392997266;1,0201700703531;-1,10398741763365;1,08722586634646
"149";50;20;0;0;1;0,01;2,08;95,75;-0,000219911241895558;0,141680763219607;5,679770625646e-05;0,0222750362296017;0,998419916951647;0,790348223439485;0,00996672900619676;0,010099916287322;3,31800927934817;4,89207650242669;1,7096816216724;2,88077701675606;-0,894171851803717;1,01459609265014;-0,59971846390046;0,957418778141087
"150";50;20;0;0;1;0,0625;2,08;95,75;-0,000164034151503134;0,141757968064224;-3,75440386663687e-05;0,0555830099545836;0,998783071422719;0,724595004341444;0,0624493424653274;0,0670011068841487;3,3263185115211;4,9040921642738;1,72289102840008;2,88144224059302;-0,89276595867693;1,01948903230773;-0,607600886266729;0,956688996474849
"151";50;20;0;0;1;0,25;2,08;95,75;0,00105494591758058;0,141391265890428;0,000257207938517755;0,112015885482381;0,994262890330928;0,653645994266474;0,250760970391537;0,284365321991452;3,3297281010946;4,95518596093353;1,71922353078468;2,86320151212372;-0,89413577814313;1,02143833173674;-0,599737066176912;0,958118604590185
"152";50;20;0;0;1;1;2,08;95,75;-0,000590530828147116;0,141558188309217;0,00037687850203346;0,229676433349122;1,00111724864633;0,692712951715844;1,05206316282772;17,2830375145367;3,32710863664364;4,95995700488845;1,70073547575812;2,85493331875651;-0,894430238526304;1,02408566256533;-0,59761895044723;0,953888562068819
"153";50;20;0;0;1;100;2,08;95,75;-4,02849701790201e-05;0,141416096324193;-0,00328162177307308;2,23345689100202;0,997099232948903;0,783697016020511;99,9708671791289;111,421188701456;3,32843475826784;4,88096194346742;1,7017363190381;2,87184158515523;-0,894140070124703;1,01645125557422;-0,597021022383701;0,957123020710428
"154";50;20;0;0;1;4;2,08;95,75;0,000449252331321775;0,141491906599088;0,000533355878398716;0,44750689310083;0,998262389894589;0,758200587724715;4,00131752737815;4,46951270081553;3,3309151930824;4,94112997531745;1,72007226652642;2,8989050717122;-0,891427810695003;1,02286587694741;-0,60409344170408;0,960706731909138
"155";50;20;0;0;1;16;2,08;95,75;-0,000541592350152491;0,141201527812765;-0,00300577788698056;0,896565626928054;1,00272305079569;0,827425216209228;16,0445689797612;16,2483940395997;3,35028970668577;4,99397075370026;1,71548455080147;2,89527369008794;-0,899045976548835;1,02648965256818;-0,606498056777127;0,956047187115987
"156";50;20;1;0;1;0,01;2,08;95,75;0,999376098237818;0,14131560377718;3,36723375855445e-06;0,0223732197562281;1,00398856703476;0,715340715114362;0,0100074456521751;0,00998325665834447;3,3740894906795;5,06121784511772;1,72704434188644;2,90338829569718;-0,897916499076362;1,03406614314269;-0,609063329470434;0,960928959455537
"157";50;20;1;0;1;0,0625;2,08;95,75;1,0004718788957;0,14146773935299;-8,3476531080456e-05;0,0557157108183777;0,996349565153007;0,665588398710026;0,0621825762939536;0,0738812386727421;3,32273922027873;4,92997079471234;1,70523137159593;2,86990184181809;-0,890191787708381;1,02186922024199;-0,602918365009759;0,953998480435449
"158";50;20;1;0;1;0,25;2,08;95,75;0,999938037854729;0,141427870869156;-0,000553374258067206;0,113015061123658;1,00091367925104;0,73663554034726;0,252586308925242;0,42462567756762;3,34781987642217;4,94243537551917;1,72421735563613;2,90020182859579;-0,901097063752053;1,02318974625252;-0,602416988188704;0,961993208495493
"159";50;20;1;0;1;1;2,08;95,75;0,999759486216581;0,141143927712303;0,000728956880060106;0,224005144883166;0,997611111569999;0,657651929841977;0,999027465099611;1,0014094104657;3,32818232256355;4,94984447222728;1,71695807602724;2,88555152411815;-0,897442939993221;1,0219484499647;-0,601071702331316;0,959942853460727
"160";50;20;1;0;1;100;2,08;95,75;0,999742433374774;0,140845141805569;0,00602256251967633;2,24513852669275;0,998783199298168;0,706936192115225;99,6161442539187;110,873868916864;3,33121479478228;4,9603370723023;1,69384458215332;2,86429187984738;-0,894914329408054;1,02133561221849;-0,596020769849977;0,955387198406548
"161";50;20;1;0;1;4;2,08;95,75;1,00018453551183;0,140878928313379;-0,00051773892382203;0,449968314193033;0,999527735168385;0,951985763535344;4,04012698953777;5,65948590758686;3,31066800467148;4,91952470300531;1,72527009410537;2,89292157963465;-0,891738516860844;1,0179053195601;-0,605879301593342;0,958932567985809
"162";50;20;1;0;1;16;2,08;95,75;1,00007636647106;0,141303981780206;0,00691693077675412;0,896079971338229;0,998978340434295;0,753649596480796;15,9750254007017;36,656199500411;3,34066523061218;4,94909411980054;1,71548227811266;2,86839630534729;-0,896021952154097;1,02273280114613;-0,600711641190053;0,955793305421808
"163";50;20;2;0;1;0,01;2,08;95,75;2,00004857878157;0,141380306617794;-4,85462055587586e-05;0,0224000635329779;0,999447275963397;0,832714371940168;0,00996445492563214;0,00990301340327121;3,33720896107898;4,9560143272753;1,70845843604042;2,88554355592393;-0,892127696809432;1,02456167485017;-0,601418427231205;0,958508328798544
"164";50;20;2;0;1;0,0625;2,08;95,75;1,99993444934679;0,141419624521349;0,000262973552882822;0,0559310136958045;0,998830014047667;0,846476493273974;0,0625827009012256;0,0703730860360942;3,30660303883904;4,90215231873864;1,71041491561708;2,87816497310934;-0,890926591622106;1,0167102333248;-0,602709602597184;0,95668681693413
"165";50;20;2;0;1;0,25;2,08;95,75;2,00004871557919;0,142180783034725;0,000582422880956869;0,111545834922429;1,01100569150698;3,67270787855041;0,248628067837333;0,256390262546692;3,31925553998193;4,92387325468247;1,69986836888779;2,86723343879965;-0,889498682216532;1,02233274848147;-0,59431893704707;0,955360575529951
"166";50;20;2;0;1;1;2,08;95,75;1,99985083785309;0,141550184283046;-0,0011498372789223;0,223856225371937;1,00692196476851;1,49100454385721;1,00832471472156;1,18038058789437;3,34462839270125;4,94014016772247;1,7229592094212;2,90761337922018;-0,894616824059774;1,02375886539613;-0,607727948530584;0,960781321153549
"167";50;20;2;0;1;100;2,08;95,75;1,99986053122584;0,141523509248639;0,000894688082336885;2,23143420802318;1,00339876419959;0,784589366703367;99,9100830969518;144,289521772038;3,34581561222273;4,97532504222349;1,7222581063991;2,88693856963782;-0,893332119016344;1,02692150794813;-0,605045108426333;0,959078794817374
"168";50;20;2;0;1;4;2,08;95,75;2,00025907749325;0,141016953755966;0,000280614044606974;0,447129051921375;0,999104756165397;0,69394245113167;4,00403944994363;8,21594610205192;3,32301421975586;4,91896075706998;1,70130584395536;2,86360553824343;-0,894182793851498;1,01924891869995;-0,600167557911269;0,952801036986691
"169";50;20;2;0;1;16;2,08;95,75;2,00058257100859;0,1414263682564;0,00128788763904588;0,89920659443906;0,996517635340087;0,679858061866774;16,0411459174779;35,7009800258302;3,29881372346425;4,89855207770725;1,7164523707372;2,86439571874612;-0,888945231239661;1,01528120369861;-0,605414857561076;0,955596701482117
"170";50;20;3;0;1;0,01;2,08;95,75;2,99908530089819;0,140864955527511;-2,0729591665921e-05;0,0223573977909111;1,00005640348774;0,731477931932798;0,0099750823165047;0,0113020383720663;3,33087380743958;4,90742370505768;1,70625517165364;2,88350975417257;-0,898637659240132;1,01699753463394;-0,602053489752147;0,956208268603605
"171";50;50;0;0;1;0,01;2,08;95,75;-0,000266445566900282;0,141113905368077;4,14551949764601e-05;0,0141715603894146;1,00322332384386;1,20817626891528;0,0099807486406635;0,00687697128965496;3,30699018571702;4,90931947806456;3,33160417043956;4,949404323307;-0,89185238263792;1,01774140843117;-0,889991350497076;1,02357567016534
"172";50;50;0;0;1;0,0625;2,08;95,75;-7,0504405798237e-06;0,141623964499635;-0,000103081390581989;0,0352986241741389;0,999126183751464;0,712800101633712;0,0624080202649123;0,054257562639396;3,33110727122821;4,92092635507912;3,31674392088631;4,91259247680285;-0,892602205323449;1,02085426333839;-0,890451831011104;1,02040504777043
"173";50;50;0;0;1;0,25;2,08;95,75;0,000620656722642692;0,141877859178147;0,000121490978644184;0,0707361955895585;1,00174405741022;0,766902272985614;0,249934313920786;0,192637723393147;3,33260831384136;4,98499080355879;3,33562113556104;4,93640908392935;-0,892396959443596;1,02606988415174;-0,896862396304902;1,01985921148086
"174";50;50;0;0;1;1;2,08;95,75;0,000366583098310229;0,141735886419434;0,000297739992843245;0,141334153110154;0,999992301064028;0,777661100682852;1,00029551188445;0,723506977751764;3,3139254107075;4,92888373669556;3,35343315362445;4,9867943641725;-0,890933062303056;1,01938516129491;-0,892210980451173;1,02961712474579
"175";50;50;0;0;1;100;2,08;95,75;-0,000213664402060219;0,141326257185743;-0,00812003175228591;1,41046319303084;1,00061958314176;0,738609394566362;99,843851532457;66,4890713531774;3,34333016341916;4,9875514980332;3,33063532251509;4,92880193943952;-0,895274093179723;1,02605346841351;-0,895805549838633;1,02223286287752
"176";50;50;0;0;1;4;2,08;95,75;0,00036571088536766;0,14129575079348;-0,00044346864089233;0,283527807478613;0,99625199596724;0,699270657010467;3,98881465751866;2,69583120256233;3,31595038409333;4,93928192351466;3,32459370950701;4,90387465584817;-0,891217294205315;1,01917014605097;-0,894988881334204;1,01829139583418
"177";50;50;0;0;1;16;2,08;95,75;-0,000142599191914148;0,141429250695291;-0,000191512602347762;0,564393570519803;0,998050054536821;0,671236635616588;15,9651709058458;10,856359516726;3,32555466790146;4,94164921907369;3,31550922471145;4,91527077422333;-0,891556325525864;1,02163146416178;-0,886418874273353;1,01990166839936
"178";50;50;1;0;1;0,01;2,08;95,75;1,00108529562109;0,141340480295478;-2,13294603037726e-05;0,0141057033174476;1,00251198918272;2,45966919072581;0,00999424780043072;0,00681210866348212;3,29925024416347;4,86024880195196;3,34371597112395;4,97745804611121;-0,888750413340481;1,0138335441698;-0,897016806228585;1,02591613453038
"179";50;50;1;0;1;0,0625;2,08;95,75;0,99986471601111;0,141449901083027;-2,94726047579666e-05;0,0352852341182279;1,00042123580248;0,67452124247025;0,0624318705540367;0,0456081808924869;3,3380455509589;4,9489783612051;3,3331939061327;4,89683380437069;-0,893657330200177;1,02359565790183;-0,894867363347438;1,01831870541585
"180";50;50;1;0;1;0,25;2,08;95,75;1,0001621343321;0,141287476725418;8,49635279823035e-05;0,0711683461944059;0,996154747651313;0,656910608946632;0,252340200394255;0,325620401198018;3,3351280598464;4,93508121630709;3,33382515598765;4,95535599939429;-0,898117734403795;1,01982444446688;-0,895704615048847;1,02258922914787
"181";50;50;1;0;1;1;2,08;95,75;0,999868853918693;0,141180003365543;-0,000221701299953353;0,141712642259586;0,997680528589923;0,648184193310789;1,00052426522041;0,734663583482384;3,33332637673348;4,96023387710808;3,32134560040545;4,95043804371771;-0,895948387742397;1,02267455866466;-0,89045222283866;1,02301854453985
"182";50;50;1;0;1;100;2,08;95,75;1,00031194954493;0,141722917125973;0,00587395656417875;1,41305927197464;0,998895540765809;0,7115503918055;100,100932104824;87,1775243394975;3,34177860374175;4,9641779081673;3,33526326106323;4,97547258835887;-0,893365829074679;1,02650683053602;-0,893928704264179;1,02593340793069
"183";50;50;1;0;1;4;2,08;95,75;0,999887759456766;0,141491407430395;0,000383811694420101;0,283335284012716;1,00027268595027;1,25997623693814;4,001904755759;2,65934884082432;3,29933435661666;4,91592162385358;3,3373982504211;4,98141806095672;-0,891321600269868;1,01672351553519;-0,893927258451987;1,02532408487916
"184";50;50;1;0;1;16;2,08;95,75;1,00035206379299;0,141276653773052;0,00194697304952329;0,565639355992647;0,996545052755976;0,68928417418884;15,9989302516085;11,5511138146025;3,31469967246337;4,9082062012736;3,32856526551287;4,95021115966479;-0,892420124090485;1,01708583264011;-0,890511898260053;1,02408769339244
"185";50;50;2;0;1;0,01;2,08;95,75;2,00024785286127;0,141452376513343;-1,15320364051797e-05;0,0141011841451438;0,998233146979127;0,719351448882834;0,0099718795211829;0,00688585042811094;3,34496110091716;4,9609769083751;3,32129889069494;4,89081152004809;-0,896253332037714;1,02333197638126;-0,893867214004314;1,01622379785528
"186";50;50;2;0;1;0,0625;2,08;95,75;1,99969465386427;0,141643078551613;-0,000173236306339734;0,0352404899955317;1,00374141052594;0,731090587337415;0,0623649876455365;0,0431210616044872;3,35023569661142;4,94962344944843;3,32027345916194;4,93152006568578;-0,901479252126392;1,02368326193027;-0,894784689376026;1,01972101934901
"187";50;50;2;0;1;0,25;2,08;95,75;2,00038324571738;0,141647292630917;0,000371652545804999;0,070593459341234;0,999895702404476;0,805629520249663;0,248912944508241;0,217796479313023;3,36986025981253;4,99932993158451;3,30327254710673;4,88307398017687;-0,897134588844123;1,03153934102298;-0,88677917039507;1,01841155635643
"188";50;50;2;0;1;1;2,08;95,75;2,00016195102654;0,14154722132267;0,000432814839515715;0,141016769485901;1,00286069428993;0,839283350822946;0,999182335016175;0,941422678433456;3,33574507183056;4,94725177117837;3,29747293632364;4,90763100098155;-0,893396417481348;1,02295419164182;-0,890149963111298;1,01444046862109
"189";50;50;2;0;1;100;2,08;95,75;2,00005485585847;0,141389026936942;-0,00601308510083027;1,4124018910388;1,0012816758254;0,720931293868912;100,111274303624;74,5185514221948;3,34667397751546;4,94807604062499;3,33698521946754;4,96937086300628;-0,898083599111786;1,02230259457616;-0,895486080661007;1,02524881103109
"190";50;50;2;0;1;4;2,08;95,75;2,00009457704191;0,14176024074644;-0,00220737461685583;0,281629513258147;0,999176797446934;0,790863277856085;4,00298225931245;2,76857370776086;3,31391683991813;4,91988176909022;3,3611647113141;5,01503817651514;-0,88981398350635;1,02154819471001;-0,901831819753452;1,02857766069112
"191";50;50;2;0;1;16;2,08;95,75;1,99972253561308;0,141467637945542;0,000771605622515151;0,564135709764658;1,00386265490742;0,860881234967059;16,0687266043489;16,2857956141566;3,34018589755619;4,99010839729016;3,3398209131236;4,9948085193325;-0,893737991900291;1,02741209639815;-0,894118347646162;1,02619429682294
