"n1";"n2";"n1/n2";"m1-m2";"sd1/sd2";"bias_Cohen";"bias_Hedge";"bias_Glass1";"bias_Glass2";"bias_Shieh";"bias_Shieh_corr";"eff_Cohen";"eff_Hedge";"eff_Glass1";"eff_Glass2";"eff_Shieh";"eff_Shieh_corr";"MSE_Cohen";"MSE_Hedge";"MSE_Glass1";"MSE_Glass2";"MSE_Shieh";"MSE_Shieh_corr"
"1";100;100;1;0;10;-0,0400927499775211;-0,0399353177132115;-0,0290899009350725;0,0294475775343125;-0,0200463749887606;-0,0400927499775211;0,0287669847812497;0,0285415096103144;0,0148031960697113;1,50827931841328;0,00719174619531242;0,0287669847812497;0,0303744133820097;0,0301363392111696;0,0156494184061236;1,50914647823592;0,00759360334550242;0,0303744133820097
"2";100;100;1;0;4;-0,0348940998990989;-0,0347570811822176;-0,0289539216521432;0,0284653414735666;-0,0174470499495494;-0,0348940998990989;0,0262948007730027;0,0260887025411551;0,0154656276095875;0,250145024058699;0,00657370019325067;0,0262948007730027;0,027512398980771;0,0272967572334624;0,016303957188626;0,250955299723906;0,00687809974519275;0,027512398980771
"3";100;100;1;0;2;-0,0224361526258676;-0,0223480525501115;-0,0289474548039184;0,0294696744282937;-0,0112180763129338;-0,0224361526258676;0,0226813819136373;0,022503605601559;0,018322226080989;0,0742116257727515;0,00567034547840933;0,0226813819136373;0,0231847628582885;0,0230030410543415;0,0191601812206139;0,0750800874836611;0,00579619071457214;0,0231847628582885
"4";100;100;1;0;1;0,000224813235621198;0,000223930461135774;-0,0286641427160992;0,0292848394365344;0,000112406617810599;0,000224813235621198;0,0202137995384137;0,0200553640978963;0,0293907038832214;0,0295879732326739;0,00505344988460343;0,0202137995384137;0,0202138500794046;0,0200554142427477;0,0302123369608703;0,0304455750534975;0,00505346251985116;0,0202138500794046
"5";100;100;1;0;0,1;0,0389077521635463;0,038754973032014;-0,0329291347950783;0,0282401676025123;0,0194538760817731;0,0389077521635463;0,0281742468807759;0,0279534175801133;1,47613846792519;0,0144988048864652;0,00704356172019398;0,0281742468807759;0,0296880600591959;0,0294553655148255;1,47722279584355;0,0152963119526832;0,00742201501479897;0,0296880600591959
"6";100;100;1;0;0,5;0,0224843809896406;0,0223960915354928;-0,0291611868492385;0,0288708319837585;0,0112421904948203;0,0224843809896406;0,0224088909090027;0,0222332503771014;0,0739029990617411;0,0180769502814948;0,00560222272725068;0,0224088909090027;0,02291443829749;0,0227348352931675;0,0747533738801973;0,0189104752209292;0,0057286095743725;0,02291443829749
"7";100;100;1;0;0,25;0,0349850006860733;0,034847625028929;-0,0278552118792441;0,0289892300355718;0,0174925003430366;0,0349850006860733;0,0263357780714328;0,0261293586601694;0,251045961380853;0,0154964709960327;0,00658394451785819;0,0263357780714328;0,0275597283444373;0,0273437156303262;0,251821874209691;0,016336846454088;0,00688993208610933;0,0275597283444373
"8";100;100;1;1;10;0,188170662378209;0,187431772342693;0,137302358659394;1,69685754272271;0,0940853311891047;0,188170662378209;0,122683738059984;0,121722144864854;0,0646910622572148;14,6277814065336;0,0306709345149959;0,122683738059984;0,158091936239838;0,156852814148377;0,0835429999506477;17,5071069268286;0,0395229840599594;0,158091936239838
"9";100;100;1;1;4;0,163714338811518;0,163071481460164;0,13665010131233;0,696619424111098;0,081857169405759;0,163714338811518;0,102216158898047;0,101414990264103;0,06529646750269;2,52472609801405;0,0255540397245116;0,102216158898047;0,129018543630539;0,128007298329715;0,0839697176913599;3,01000472006293;0,0322546359076348;0,129018543630539
"10";100;100;1;1;2;0,12428705027877;0,123799012123225;0,13799551149868;0,361292401653796;0,0621435251393851;0,12428705027877;0,0827330748415203;0,082084614311724;0,0684857868738279;0,717727494393775;0,0206832687103801;0,0827330748415203;0,0981803457085179;0,0974108097144105;0,0875285480676101;0,848259693886543;0,0245450864271295;0,0981803457085179
"11";100;100;1;1;1;0,0945352699059514;0,094164058113127;0,137298716092814;0,194364242882028;0,0472676349529757;0,0945352699059514;0,0830698160496284;0,0824187161475783;0,0795974903315642;0,227174764132562;0,0207674540124071;0,0830698160496284;0,0920067333058195;0,0912855859879106;0,0984484277722995;0,264952223043666;0,0230016833264549;0,0920067333058195
"12";100;100;1;1;0,1;0,0621347970962995;0,0618908122909476;0,131731005595406;0,0451647780143423;0,0310673985481498;0,0621347970962995;0,0447852098714018;0,0444341841060006;1,53373058202983;0,0231896642231396;0,0111963024678505;0,0447852098714018;0,0486459428816001;0,0482646567520339;1,55108363986501;0,0252295213962244;0,0121614857204;0,0486459428816001
"13";100;100;1;1;0,5;0,0946593478495374;0,0942876488396571;0,134827547014216;0,111564428067549;0,0473296739247687;0,0946593478495374;0,0845721291097484;0,0839092541017354;0,123067371196669;0,0864740815922131;0,0211430322774371;0,0845721291097484;0,0935325212450481;0,0927994148254459;0,141245838630539;0,0989207032022523;0,023383130311262;0,0935325212450481
"14";100;100;1;1;0,25;0,0840005769341334;0,0836707317367481;0,134972852050777;0,0699838330293406;0,0420002884670667;0,0840005769341334;0,0665807023065331;0,0660588438167501;0,299472763919757;0,0415281174619479;0,0166451755766333;0,0665807023065331;0,0736367992318004;0,073059635166113;0,317690434710478;0,0464258543474266;0,0184091998079501;0,0736367992318004
"15";100;100;1;2;10;0,415504612343926;0,41387304973001;0,302980156103651;3,32384288413907;0,207752306171963;0,415504612343926;0,680006310706541;0,67467643201715;0,358187076224374;52,2932988310034;0,170001577676635;0,680006310706541;0,852650393585617;0,84596733330997;0,449984051216967;63,3412303494453;0,213162598396404;0,852650393585617
"16";100;100;1;2;4;0,359029631748613;0,357619829529705;0,300501543636367;1,35572000287411;0,179514815874306;0,359029631748613;0,567809938046276;0,563359452748173;0,368619293347143;8,80834713848326;0,141952484511569;0,567809938046276;0,696712214519821;0,691251395221028;0,458920471074982;10,6463238646762;0,174178053629955;0,696712214519821
"17";100;100;1;2;2;0,270490267103592;0,269428132546902;0,30516988700461;0,688603603744868;0,135245133551796;0,270490267103592;0,388951412528668;0,385902817519761;0,369002651625043;2,34121133563031;0,0972378531321669;0,388951412528668;0,46211639712644;0,458494336127472;0,46213131155945;2,81538625872073;0,11552909928161;0,46211639712644
"18";100;100;1;2;1;0,187936674538517;0,187198703303418;0,301384230827243;0,361160094312794;0,0939683372692586;0,187936674538517;0,269923189691204;0,26780753600703;0,378368570945932;0,676596637864169;0,067480797422801;0,269923189691204;0,3052433833278;0,302850890525512;0,469201025537261;0,807033251588196;0,0763108458319501;0,3052433833278
"19";100;100;1;2;0,1;0,0845983062259497;0,0842661139240153;0,29918131799843;0,0615376297545288;0,0422991531129749;0,0845983062259497;0,0667206253422898;0,0661976701379694;1,85174995347005;0,0346769592155207;0,0166801563355724;0,0667206253422898;0,0738774987585893;0,0732984480938246;1,94125941450933;0,0384638390913261;0,0184693746896473;0,0738774987585893
"20";100;100;1;2;0,5;0,16729577875244;0,166638858155244;0,305130191734688;0,19341110166042;0,0836478893762198;0,16729577875244;0,208697350244398;0,207061583719755;0,423313200816979;0,216093104942018;0,0521743375610994;0,208697350244398;0,236685227832783;0,234830092767038;0,516417634725026;0,253500959187516;0,0591713069581958;0,236685227832783
"21";100;100;1;2;0,25;0,134227012037803;0,133699942618807;0,304553671593233;0,111822625001641;0,0671135060189017;0,134227012037803;0,132394293547469;0,131356589172281;0,608577625559412;0,0839906304156703;0,0330985733868672;0,132394293547469;0,150411184308065;0,149232263828553;0,70133056444033;0,0964949298779279;0,0376027960770163;0,150411184308065
"22";100;20;5;0;10;-0,0313053262890571;-0,031093803814131;-0,0288585808120023;0,165856879144794;-0,0231532882526943;-0,0621267917228061;0,0179757066417013;0,0177336123457142;0,0151927180125412;4,10732394913273;0,0111382012995316;0,0801950493566275;0,0189557300957656;0,0187004369813458;0,0160255356990241;4,13483245349238;0,0116742760564439;0,0840547876063964
"23";100;20;5;0;4;-0,0309659720664166;-0,0307567425254273;-0,0298773556614746;0,165659082953563;-0,0126258257121684;-0,0338786454773678;0,0216660491704203;0,0213742538588208;0,0192371707539776;0,807708709620844;0,00929118722956613;0,0668965480528762;0,0226249405964384;0,0223202310695963;0,0201298271352998;0,835151641385859;0,00945059870448019;0,0680443106722573
"24";100;20;5;0;2;-0,0239764994551097;-0,023814496080413;-0,0290052760814789;0,171068689790918;0,00687171920020014;0,0184387575047256;0,0319024452351391;0,0314727875769777;0,0330742051236544;0,360180100010754;0,00858826825599345;0,0618355314431529;0,0324773177612599;0,0320399178005417;0,0339155111642173;0,389444596637535;0,00863548878075985;0,0621755192214709
"25";100;20;5;0;1;-3,16848229361368e-05;-3,14707362946761e-05;-0,0277502726231135;0,1717098928904;0,0313951817826928;0,0842421127584769;0,0614518610640926;0,0606242360178039;0,0874030032736483;0,245203960695864;0,0116785130526431;0,0840852939790304;0,0614518620680206;0,0606242370082112;0,0881730809043054;0,274688248012296;0,0126641704918114;0,0911820275410423
"26";100;20;5;0;0,1;0,314247117937608;0,312123826600192;-0,0355229602401152;0,168265473027882;0,06734005001948;0,180692315342152;0,689162341743692;0,679880799978973;7,38518315756138;0,204086858098959;0,0318550188366293;0,229356135623731;0,787913592875785;0,77730208311052;7,3864450382656;0,232400127512255;0,0363897011732554;0,262005848447439
"27";100;20;5;0;0,5;0,0613402800849011;0,0609258187329761;-0,0282727555462944;0,169744534722106;0,0511835746786946;0,137339942775598;0,139514430911622;0,137635470122774;0,308671221951971;0,220613920834296;0,0187872560018655;0,135268243213432;0,143277060872516;0,141347425511057;0,309470570658152;0,24942712790232;0,0214070143187551;0,154130503095036
"28";100;20;5;0;0,25;0,166724369564183;0,165597853553614;-0,0325535131770035;0,167447576290361;0,0618251921810717;0,165894398926638;0,307915593070158;0,303768629047345;1,20296776770282;0,200687567028353;0,0259365116964082;0,186742884214139;0,335712608476732;0,331191278148909;1,20402749892299;0,228726257833869;0,0297588660846347;0,21426383580937
"29";100;20;5;1;10;0,148158669534758;0,147157597443307;0,136500719984199;6,60048495184884;0,111825004030391;0,300057972715371;0,0768224908005809;0,0757878562687067;0,0649950720578055;129,647958810039;0,0475375345597742;0,342270248830374;0,0987734821588906;0,0974432147539932;0,0836275186140102;173,214360409622;0,0600423660861712;0,432305035820433
"30";100;20;5;1;4;0,144323965060278;0,143348803134195;0,136099460329842;2,76263129895343;0,101680204591768;0,272836619319934;0,0801165662864348;0,0790375676079058;0,0691285077417212;23,608841210452;0,0504737571193621;0,363411051259407;0,100945973177155;0,0995864469679121;0,0876515708437953;31,2409729044091;0,0608126211251858;0,437850872101338
"31";100;20;5;1;2;0,13889620958103;0,137957721678456;0,137369184636994;1,46189252188687;0,127769844168283;0,342842468441804;0,0962300216644266;0,0949340092287525;0,0831629017455378;7,24025127042447;0,068545028379425;0,49352420433186;0,115522178700404;0,113966342199463;0,10203319463337;9,37738101597322;0,0848701614582124;0,61106516249913
"32";100;20;5;1;1;0,14160915516854;0,140652336552536;0,137994561742654;0,818088742059071;0,160846341219087;0,431596023477606;0,163561366293585;0,161358544751556;0,139505257321995;2,39636874458616;0,084185745896632;0,606137370455751;0,183614519121133;0,181141624529244;0,158547756392543;3,06563793446995;0,110057291380199;0,792412497937433
"33";100;20;5;1;0,1;0,437019885050963;0,434067047989808;0,129366424766302;0,235216449703855;0,0941026389102226;0,252503876958449;1,01231313237542;0,998679441083841;7,41786400938974;0,319136203302977;0,0492812983539365;0,354825348148343;1,20329951230538;1,18709364323443;7,43459968124656;0,374462981514263;0,0581366050038042;0,41858355602739
"34";100;20;5;1;0,5;0,200994379802395;0,199636309668595;0,138369053874862;0,497587420452912;0,151995377036387;0,407846394382885;0,332980243558853;0,328495712338534;0,356449469794861;1,01137472117757;0,0797354497458373;0,574095238170028;0,373378984271002;0,368350368476629;0,375595464865086;1,25896796217055;0,102838044386271;0,740433919581148
"35";100;20;5;1;0,25;0,324553494497028;0,322360565480156;0,134760837480952;0,329903304303434;0,122304712192713;0,328177980517743;0,610973283668456;0,602744781172008;1,25014747930537;0,505660608071174;0,0634293372716674;0,456691228356005;0,716308254458688;0,706661115348694;1,26830796262394;0,614496798261498;0,0783877798962097;0,56439201525271
"36";100;20;5;2;10;0,327686410586906;0,325472313218075;0,301889427596093;13,1216289782482;0,247436298044424;0,663941259033877;0,429078917045772;0,423300142368613;0,363448141675927;480,51881417608;0,258718216092921;1,86277115586903;0,536457300729102;0,529232369040137;0,454585368170224;652,695961218883;0,31994293768285;2,30358915131652
"37";100;20;5;2;4;0,317765049554438;0,315617988408799;0,300507751084639;5,35749723666706;0,213935850609673;0,574050125744963;0,415548203293937;0,409951658371927;0,364569378928336;86,1547935165007;0,220696360103366;1,58901379274424;0,516522830012272;0,509566372979144;0,454874287390283;114,857570157396;0,266464908279451;1,91854733961204
"38";100;20;5;2;2;0,303732808897634;0,301680560188866;0,305204857598294;2,76450352725381;0,252079418376428;0,676400058261962;0,412501144698481;0,406945637134289;0,38195103373001;23,6959703469358;0,237165130288731;1,70758893807886;0,504754763899328;0,497956797530157;0,475101038831605;31,3384500991346;0,300709163457729;2,16510597689565
"39";100;20;5;2;1;0,28049098217137;0,278595772832374;0,301220862151403;1,45181694418009;0,287940934115838;0,772626602625362;0,468830520354807;0,462516376659379;0,438182959691019;6,78375460912588;0,237231738165273;1,70806851478996;0,547505711434267;0,540131981299446;0,528916967486254;8,89152704853429;0,320141719704774;2,30502038187437
"40";100;20;5;2;0,1;0,556612902018773;0,55285200403216;0,294807056418553;0,298976429570481;0,119673889913524;0,32111874357416;1,39257452662368;1,3738195282054;7,78987987394522;0,450688666620386;0,0695833774694135;0,501000317779777;1,70239244931744;1,67946486656778;7,87679107445939;0,540075572059099;0,0839052173964478;0,604117565254424
"41";100;20;5;2;0,5;0,336107941947094;0,333836942339343;0,301757809414655;0,813997022061598;0,249729065004035;0,670093398367784;0,694950724385525;0,685591225495198;0,661306362004023;2,3598279245562;0,18593334770027;1,33872010344194;0,807919273025436;0,79703832956568;0,752364137546755;3,02241907648135;0,24829795360806;1,78774526597803
"42";100;20;5;2;0,25;0,484406852336226;0,481133833063685;0,306910627695909;0,493315844282899;0,182971250695267;0,490963385379326;1,04823858599366;1,03412105573123;1,55192105888145;0,969264922101863;0,119828203419931;0,862763064623501;1,28288858458395;1,26561082104979;1,64611519227415;1,21262544432241;0,153306682000921;1,10380811040663
"43";100;50;2;0;10;-0,0355258855080354;-0,0353369180319289;-0,0294596145359581;0,0529207331670373;-0,0228291621477391;-0,0484279660904207;0,0217646110222405;0,0215336884007676;0,0147858869421565;1,95428564834865;0,00931410563254564;0,0419134753464554;0,0230266995633706;0,0227823861767628;0,0156537558307637;1,95708625234759;0,0098352762769134;0,0442587432461103
"44";100;50;2;0;4;-0,0319610959582643;-0,0317910901286991;-0,0287739845347609;0,0597350121013333;-0,0171069763028568;-0,0362893768480429;0,0219985258323345;0,0217651213736676;0,0162319486711746;0,345148260263734;0,00812471035361297;0,0365611965912584;0,0230200374871879;0,0227757947852386;0,0170598908571813;0,34871653193448;0,00841735899183948;0,0378781154632776
"45";100;50;2;0;2;-0,0230266374996073;-0,0229041553852477;-0,0286132504103244;0,0604724655829515;-0,00618898885597282;-0,0131288279662391;0,0236486434486891;0,0233977312346427;0,0219506598651453;0,116072225208636;0,00694141205410662;0,0312363542434798;0,0241788694832275;0,0239223315685542;0,0227693779641893;0,119729144302317;0,00697971563716598;0,0314087203672469
"46";100;50;2;0;1;0,000517592486146428;0,000514839334624372;-0,0278833431854314;0,0598459696800354;0,0100350569690761;0,0212875704972811;0,0301322275533917;0,0298125244826435;0,0436069572569516;0,057100500675311;0,00706094576275368;0,0317742559323916;0,0301324954553734;0,029812789542184;0,0443844380841482;0,0606820407622547;0,00716164813112629;0,0322274165900683
"47";100;50;2;0;0,1;0,0971706798456162;0,0966538145272885;-0,024889705521185;0,0598006607763236;0,0339105579899803;0,0719351565256042;0,105015007897811;0,103900798188619;2,97066794950968;0,0384501608772727;0,0124568454443323;0,0560558044994953;0,114457148919471;0,113242758051295;2,97128744695061;0,0420262799065577;0,0136067713875241;0,0612304712438584
"48";100;50;2;0;0,5;0,0380919833766401;0,0378893664437856;-0,0276937171822324;0,0594886763304559;0,0236859076986152;0,0502453978567484;0,0492177784482519;0,0486955775961103;0,131460728958148;0,0430077183268865;0,00914230223700364;0,0411403600665164;0,0506687776458181;0,0501311816856217;0,132227670929518;0,0465466209384362;0,00970332446051096;0,0436649600722993
"49";100;50;2;0;0,25;0,0721791667104074;0,0717952349725861;-0,0321522913623806;0,0583257215009265;0,0302615192649095;0,0641943764436746;0,0776467599095004;0,0768229274353587;0,485611989974398;0,0392896553385979;0,0112111764035058;0,0504502938157761;0,0828565920165091;0,0819774832001276;0,486645759814249;0,0426915451272016;0,0121269359517263;0,0545712117827683
"50";100;50;2;1;10;0,164704494249802;0,163828406514431;0,1368309878858;2,94256039428147;0,105355919682123;0,223493655736124;0,0945428378267635;0,0935397378894323;0,0648620122498654;31,013390003705;0,0395020016347345;0,177759007356305;0,121670408252847;0,12037948467049;0,0835847314956693;39,6720516776989;0,0506018714468006;0,227708421510602
"51";100;50;2;1;4;0,153268344498989;0,152453087347399;0,136025142035535;1,21897185469444;0,0867627455973471;0,184051577298742;0,0890764023738796;0,0881313013414496;0,0664660643489489;5,41793644025424;0,0331242514309086;0,149059131439088;0,11256758779934;0,111373245183203;0,0849689036147362;6,90382882279145;0,0406520254544985;0,182934114545243
"52";100;50;2;1;2;0,132704504002072;0,131998628980784;0,136247784366397;0,638672908312024;0,072526107310187;0,153851106876289;0,0872529694291178;0,0863272150284863;0,0720596870598736;1,56533548153673;0,033258954283374;0,149665294275183;0,104863454811554;0,103750853081293;0,0906231458046258;1,97323856534847;0,0385189905249428;0,173335457362242
"53";100;50;2;1;1;0,116809992731227;0,116188662982657;0,136361081718409;0,344655513611838;0,0784380371144577;0,166392203839785;0,111539068005205;0,110355637988739;0,0937454757386536;0,514200459927002;0,0394810611025831;0,177664774961624;0,125183642407074;0,123855443394437;0,112339820346068;0,632987882990041;0,0456335867689522;0,205351140460285
"54";100;50;2;1;0,1;0,143723589129077;0,142959101952859;0,136147387857478;0,0887825872498729;0,0502869664950712;0,106674765041897;0,163053325710673;0,161323329186751;3,07830811384676;0,060676286654477;0,0195533959021648;0,0879902815597414;0,183709795782817;0,181760634017919;3,09684422506717;0,0685586344532583;0,0220821749014412;0,0993697870564853
"55";100;50;2;1;0,5;0,141792061121442;0,14103784803037;0,135547543314025;0,203476335244912;0,0819744084614345;0,173893980320509;0,161327055206046;0,159615374419993;0,183628359565018;0,204889653726185;0,0376875711656248;0,169594070245312;0,181432043803113;0,179507048997031;0,202001496063485;0,246292272730885;0,0444073748082269;0,199833186637021
"56";100;50;2;1;0,25;0,160230636553587;0,159378345933621;0,135256562777723;0,130769557466557;0,0676573256865645;0,14352286136975;0,181852607930622;0,179923150937243;0,533480249292453;0,102574473950972;0,0283270272868734;0,12747162279093;0,20752646482099;0,20532460808978;0,551774587066897;0,119675151110971;0,0329045410059312;0,148070434526691
"57";100;50;2;2;10;0,362290021379026;0,360362946797223;0,300816760141438;5,84033554685177;0,232039213121483;0,492229503298172;0,528442880249861;0,522836098898183;0,362569960063129;114,048479462437;0,220463705855978;0,992086676351901;0,659696939840676;0,652697552322562;0,45306068324512;148,157998762257;0,274305902282015;1,23437656026907
"58";100;50;2;2;4;0,338063984668273;0,336265771983868;0,300900237021164;2,37409715813227;0,1898556517256;0,402744656345289;0,476775879257939;0,471717285020679;0,362586940296979;19,4517874473039;0,168854361409493;0,75984462634272;0,591063136987729;0,584791954428585;0,453127892936372;25,0881247635557;0,204899529901646;0,922047884557405
"59";100;50;2;2;2;0,291623245177349;0,290072057703001;0,3039306806644;1,22569481930845;0,152997229920971;0,324556136339627;0,405581609063052;0,401278386354852;0,371583842328146;5,23693586738976;0,133672712553941;0,601527206492734;0,49062572619082;0,485420185014905;0,463957700977271;6,73926365746932;0,157080864917431;0,706863892128441
"60";100;50;2;2;1;0,235538008496845;0,234285146749521;0,300849505117444;0,640605667285745;0,149407883931033;0,316941983671099;0,359108066058321;0,355297927851783;0,393827944757613;1,53307075808329;0,118791201289363;0,534560405802133;0,414586219504981;0,410187457839228;0,484338369487024;1,94344637904191;0,141113917070112;0,635012626815504
"61";100;50;2;2;0,1;0,190301685709106;0,189289442700015;0,295662755955694;0,117623604583363;0,0666288618948413;0,141341160205753;0,233776361152762;0,23129599290264;3,32763220685014;0,0874386990014982;0,0281642954290406;0,126739329430683;0,269991092736489;0,267126486020323;3,41504867210945;0,101274011356682;0,0326037006664424;0,146716652998991
"62";100;50;2;2;0,5;0,246696788218581;0,245384571259971;0,299627167009672;0,348594516970726;0,140897116519162;0,298887919620992;0,378376218235898;0,37436164484753;0,483703691116441;0,499802062671244;0,0906439813565994;0,407897916104697;0,439235523553261;0,43457523265997;0,573480130326683;0,621320199933298;0,110495978800014;0,497231904600062
"63";100;50;2;2;0,25;0,247841191398069;0,246522887188505;0,301870135482356;0,203153581873965;0,104919683861908;0,222568259816111;0,341727034108975;0,338101308730103;0,845660039186337;0,20138983656862;0,0546846828397317;0,246081072778793;0,403152290262589;0,398874842637859;0,936785617882472;0,242661214396842;0,0656928229014144;0,295617703056365
"64";20;100;0,2;0;10;-0,321836549032298;-0,319661977755053;-0,173089048068897;0,0196535658809802;-0,0691948290819973;-0,18566920982259;0,693273574096516;0,683936662831064;0,211720039433608;7,40784125481855;0,032785574265028;0,236056134708202;0,796852338389535;0,786120442853335;0,241679857995005;7,40822751747039;0,0375734986367148;0,270529190184347
"65";20;100;0,2;0;4;-0,168814078378087;-0,16767344271337;-0,170641144521086;0,0301344580182476;-0,0627596255973295;-0,168401746893678;0,309075797713568;0,304913208217335;0,210867441099455;1,19202326643717;0,026483111066792;0,190678399680902;0,337573990772211;0,333027591608688;0,239985841302921;1,19293135199722;0,0304218816719089;0,219037548037744
"66";20;100;0,2;0;2;-0,0598272944547047;-0,0594230559786594;-0,1703225421402;0,0318756450127709;-0,0510789006953561;-0,137059073004933;0,1399129691135;0,138028640868043;0,219878507535171;0,31665815634283;0,0189656409382391;0,136552614755322;0,14349227427527;0,141559740449886;0,248888275896272;0,31767421308781;0,0215746950344852;0,155337804248293
"67";20;100;0,2;0;1;0,000193175537253302;0,000191870297136725;-0,175321090516225;0,0288433590734446;-0,0318074171248;-0,0853482562556923;0,0626170893597535;0,0617737711822002;0,2642134960531;0,0904022577622115;0,0118461253495548;0,0852921025167943;0,0626171266765417;0,0617738079964111;0,294950980832898;0,0912341971248511;0,0128578371337058;0,0925764273626817
"68";20;100;0,2;0;0,1;0,0316828916814926;0,0314688180890501;-0,171544792940905;0,0292056049902531;0,0234317011887098;0,0628738520237013;0,0181749170653051;0,0179301398312719;4,14894677742319;0,0153631504994311;0,011243512053548;0,0809532867855455;0,0191787226906063;0,0189204263431936;4,17837439340833;0,0162161178622778;0,011792556674145;0,0849064080538438
"69";20;100;0,2;0;0,5;0,023809967423825;0,0236490892655559;-0,169971245064476;0,0288539199712254;-0,0068523880319618;-0,0183868865372071;0,0317009252366092;0,0312739816215253;0,35711873629424;0,0330513324869559;0,00858119556875626;0,061784608095045;0,0322678397853329;0,0318332610446155;0,386008960443008;0,0338838811846618;0,00862815079049683;0,0621226856915772
"70";20;100;0,2;0;0,25;0,0302230728143194;0,0300188628628713;-0,170012066418237;0,029202852121078;0,0120833329755937;0,0324229847138307;0,0216689371284343;0,0213771029222214;0,819333920456571;0,0192561576023386;0,00931427844799365;0,0670628048255543;0,022582371258774;0,0222782350498012;0,848238023184371;0,0201089641743441;0,00946028538379272;0,0681140547633076
"71";20;100;0,2;1;10;0,892484379845024;0,886454079981207;0,478119004921561;1,67010121124383;0,19176569076084;0,51456134435213;1,20030627942237;1,18414072279209;0,433615541820553;20,6970765839983;0,066831119145083;0,481184057844598;1,99683464768972;1,96994155870741;0,662213324687736;23,4863146397964;0,103605199298065;0,745957434946069
"72";20;100;0,2;1;4;0,452323472805924;0,449267233124802;0,472364776661035;0,703016276923604;0,176210188916737;0,472821552895084;0,42813278692192;0,422366754592576;0,426252148650061;3,51012282157418;0,0524452064250053;0,377605486260038;0,632729310973131;0,624207801352191;0,649380630880091;4,00435470719371;0,0834952371030773;0,601165707142157
"73";20;100;0,2;1;2;0,215668480377582;0,214211260915571;0,473512826844193;0,358732846948409;0,147732278459402;0,39640730052738;0,24579986419175;0,242489466093842;0,434302431176315;0,957816823786569;0,0351762806068571;0,253269220369371;0,292312757620125;0,288375930396881;0,658516828362294;1,08650607926628;0,0570011067056633;0,410407968280776
"74";20;100;0,2;1;1;0,141460943891823;0,140505126703365;0,476940607257078;0,192874646357951;0,0982350725181569;0,263592359910265;0,164684923523084;0,162466970069865;0,472527167262285;0,284259000841965;0,022339034916684;0,160841051400125;0,18469612216985;0,182208660699794;0,699999510113036;0,32145963004967;0,0319891643893316;0,230321983603188
"75";20;100;0,2;1;0,1;0,0497303020222941;0,0493942864680894;0,471567490205267;0,0458379285271575;0,0369731373878452;0,0992093382487931;0,0282765349081616;0,027895710501756;4,28485920687934;0,0239267187379845;0,0171464243729578;0,123454255485296;0,0307496378473902;0,0303355060374477;4,50723510469784;0,0260278344296452;0,0185134372612583;0,13329674828106
"76";20;100;0,2;1;0,5;0,105342969511115;0,104631192690094;0,475526655337659;0,112085276068382;0,054012291230904;0,14493018577538;0,0928417697838442;0,091591389849301;0,590713897788509;0,10031557877191;0,0188578639302586;0,135776620297862;0,103938911009264;0,102539076333053;0,816839497725131;0,112878687883236;0,0217751915342706;0,156781379046748
"77";20;100;0,2;1;0,25;0,0744349696722053;0,0739320306879336;0,472484509502338;0,0711033307567352;0,0407397323288126;0,109316173046845;0,0512238583799162;0,0505339826393174;1,02334098101062;0,0459356127770223;0,0195381682261928;0,140674811228588;0,0567644230900183;0,055999927800959;1,24658259273028;0,050991296421724;0,0211978940164161;0,152624836918196
"78";20;100;0,2;2;10;2,09611547726425;2,0819525348503;1,12079196458202;3,33629203141249;0,449424954332085;1,20593369840554;8,32861078591145;8,21644222392077;2,96855312436798;58,2763524105811;0,458100849649476;3,29832611747623;12,7223108799382;12,5509685812904;4,22472775223962;69,4071969294476;0,660083639225873;4,75260220242628
"79";20;100;0,2;2;4;1,07729139946119;1,07001240351889;1,11940954521317;1,34861787147853;0,416426926717776;1,11739069896272;2,68954624616317;2,65332381452428;3,02283482250005;9,70101721821834;0,365127239785808;2,62891612645782;3,85010300551622;3,79825035820855;4,27591255241441;11,5197873814896;0,53853862508142;3,87747810058622
"80";20;100;0,2;2;2;0,497338843545517;0,493978445953993;1,11955197513499;0,703581274250399;0,347441745922053;0,932284034523505;1,00349063914501;0,989975767954918;2,9782725404277;2,60573499132494;0,235659988207215;1,69675191509195;1,2508365644442;1,23399047302204;4,23166916545637;3,10076160080075;0,356375755016579;2,56590543611937
"81";20;100;0,2;2;1;0,283661757755777;0,281745124257427;1,1268790066113;0,361741073615724;0,228093077938711;0,612037952961737;0,4713860807083;0,465037519084443;3,05461618871762;0,738203486480937;0,115046741751611;0,828336540611602;0,551850073521397;0,544417834127276;4,32447248425889;0,869060090821593;0,167073193955166;1,2029269964772
"82";20;100;0,2;2;0,1;0,0678035982673173;0,0673454658465922;1,14174313072911;0,0624872013807608;0,0506798751521319;0,135988375117643;0,0412830491927388;0,0407270548760908;7,13387529299023;0,0349578484980246;0,0248145501973869;0,178664761421186;0,0458803771307346;0,0452624666461853;8,43745266955734;0,0388624988344243;0,0273829999428226;0,197157599588323
"83";20;100;0,2;2;0,5;0,18817636094756;0,186904899049265;1,12073081638438;0,196580086514589;0,115250215378998;0,309248779210718;0,220571021967242;0,217600402378111;3,18123830159958;0,233901303087823;0,0568152247729898;0,409069618365526;0,255981364786708;0,252533843666727;4,43727586439318;0,272545033501906;0,0700978369178952;0,504704425808846
"84";20;100;0,2;2;0,25;0,116838725341953;0,116049274495048;1,12551883812897;0,111203488729173;0,0688267640586631;0,184681587727812;0,0972631808361627;0,0959532539576625;3,5721149983329;0,0871052322256304;0,037778870655597;0,272007868720299;0,110914468575695;0,109420688068489;4,83890765331608;0,0994714481311696;0,0425159941063839;0,306115157565964
"85";20;20;1;0;10;-0,223290524375465;-0,217888334269607;-0,171224232279562;0,176447198082978;-0,111645262187733;-0,223290524375465;0,345854969357116;0,329322490007644;0,217263098901816;20,4432627876381;0,086463742339279;0,345854969357116;0,395713627632986;0,376797816218428;0,246580836621542;20,4743964013495;0,0989284069082465;0,395713627632986
"86";20;20;1;0;4;-0,171955035583655;-0,167794833109857;-0,167488086937991;0,176031230734109;-0,0859775177918277;-0,171955035583655;0,228705170081931;0,21777265837471;0,214350598083074;3,31987795206049;0,0571762925204826;0,228705170081931;0,258273704344507;0,245927764393075;0,242402857349222;3,35086494625426;0,0645684260861267;0,258273704344507
"87";20;20;1;0;2;-0,099457946959181;-0,0970517063069428;-0,169890679718256;0,176280695421933;-0,0497289734795905;-0,099457946959181;0,141516212634223;0,134751487329453;0,258223385752411;0,994303307111429;0,0353790531585558;0,141516212634223;0,151408095847558;0,144170521026542;0,287086228807542;1,02537819068987;0,0378520239618896;0,151408095847558
"88";20;20;1;0;1;0,00103200984404949;0,00100704186395152;-0,169720677023355;0,173049359395073;0,000516004922024743;0,00103200984404949;0,103938635070168;0,0989701844473424;0,39689862800757;0,404899737811748;0,0259846587675421;0,103938635070168;0,103939700114487;0,0989711985806581;0,425703736216836;0,434845818598794;0,0259849250286217;0,103939700114487
"89";20;20;1;0;0,1;0,221691952667595;0,216328437683702;-0,187696478565689;0,169512159259063;0,110845976333797;0,221691952667595;0,342798532830416;0,326412156553728;19,8244702544837;0,214673640260775;0,0856996332076041;0,342798532830416;0,391945854707988;0,373210149504399;19,8597002225496;0,243408012397445;0,0979864636769969;0,391945854707988
"90";20;20;1;0;0,5;0,10118962779923;0,0987414916427969;-0,171418958420844;0,171040515869539;0,0505948138996149;0,10118962779923;0,142354194434905;0,13554941211768;0,995450605182268;0,257851771487272;0,0355885486087263;0,142354194434905;0,152593535209052;0,145299294289525;1,02483506448835;0,28710662955619;0,038148383802263;0,152593535209052
"91";20;20;1;0;0,25;0,173843565206822;0,169637672500205;-0,171965945767842;0,169391290437372;0,0869217826034111;0,173843565206822;0,227416287545367;0,216545386703415;3,31279848393007;0,217972549874089;0,0568540718863417;0,227416287545367;0,257637872709185;0,245322326634702;3,3423707704339;0,246665959150127;0,0644094681772963;0,257637872709185
"92";20;20;1;1;10;0,628027673519384;0,612833455611657;0,474320106495868;6,64346283078394;0,314013836759692;0,628027673519384;0,704134170164691;0,670475311224066;0,432395226026357;147,500086253622;0,176033542541173;0,704134170164691;1,09855292887086;1,04604015554099;0,657374789452608;191,635684637629;0,274638232217715;1,09855292887086
"93";20;20;1;1;4;0,524304076836163;0,511619300783675;0,475613865189633;2,78282918875302;0,262152038418082;0,524304076836163;0,507443429988018;0,483186736371916;0,431068425947598;26,6958213709324;0,126860857497005;0,507443429988018;0,782338194975039;0,744941045306292;0,657276974708221;34,4399596647082;0,19558454874376;0,782338194975039
"94";20;20;1;1;2;0,400524251628541;0,390834148766561;0,475695575702138;1,47470058241142;0,200262125814271;0,400524251628541;0,425488633232213;0,405149523878306;0,474282355204757;7,84929758917126;0,106372158308053;0,425488633232213;0,585908309374817;0,557900855720388;0,700568635947345;10,0240393969358;0,146477077343704;0,585908309374817
"95";20;20;1;1;1;0,339766032130232;0,331545886191598;0,476781485898672;0,81561596619025;0,169883016065116;0,339766032130232;0,462228903972296;0,440133544683818;0,619098877098009;2,53444816050612;0,115557225993074;0,462228903972296;0,577669860561818;0,55005621933439;0,846419462393755;3,19967756481057;0,144417465140455;0,577669860561818
"96";20;20;1;1;0,1;0,309353438520066;0,301869081136516;0,47168606301906;0,235772005138961;0,154676719260033;0,309353438520066;0,515535879759349;0,490892352728709;20,0698163863236;0,320594096763045;0,128883969939837;0,515535879759349;0,611235429683537;0,582017294874914;20,2923041283701;0,376182535170292;0,152808857420884;0,611235429683537
"97";20;20;1;1;0,5;0,352783625303279;0,344248537594329;0,475574656684128;0,494018587279325;0,17639181265164;0,352783625303279;0,520583462236734;0,495698651834549;1,19182532740019;1,02143580149605;0,130145865559184;0,520583462236734;0,645039748518859;0,614205707470383;1,41799658148041;1,26549016607351;0,161259937129715;0,645039748518859
"98";20;20;1;1;0,25;0,350681550351808;0,342197319294909;0,483181954804113;0,333252818362483;0,175340775175904;0,350681550351808;0,543299461565576;0,517328786211082;3,57997588933007;0,54625346911121;0,135824865391394;0,543299461565576;0,666277011322723;0,634427791543704;3,81344069077839;0,657310910057748;0,166569252830681;0,666277011322723
"99";20;20;1;2;10;1,48938420667419;1,45335071780304;1,12739866613551;13,0363038035292;0,744692103337094;1,48938420667419;4,82397323617844;4,59337878192563;3,02881500941283;498,388844607816;1,20599330904461;4,82397323617844;7,04223855126894;6,70560709086424;4,29984276181697;668,334061465726;1,76055963781724;7,04223855126894
"100";20;20;1;2;4;1,22170575443426;1,19214835714956;1,12006145407284;5,32733492954192;0,610852877217131;1,22170575443426;3,19839644952497;3,04550744130431;2,98473457349222;85,8819869700831;0,799599112381242;3,19839644952497;4,69096139994276;4,46672514675871;4,23927223439198;114,2624844216;1,17274034998569;4,69096139994276
"101";20;20;1;2;2;0,903673257652217;0,881810194967083;1,11989959306591;2,75047768571474;0,451836628826109;0,903673257652217;2,08907141324366;1,98921010414285;3,01572295263906;23,6357804400335;0,522267853310916;2,08907141324366;2,90569676983944;2,76679932409074;4,26989805118826;31,2009079396482;0,726424192459859;2,90569676983944
"102";20;20;1;2;1;0,675542668410937;0,659198894175189;1,11587904724136;1,46902422984264;0,337771334205468;0,675542668410937;1,52109322290683;1,44838227605222;3,17952221199921;6,98890129977463;0,380273305726707;1,52109322290683;1,9774511197506;1,88292545813401;4,42470826007148;9,1469334876394;0,49436277993765;1,9774511197506
"103";20;20;1;2;0,1;0,390348734922052;0,380904813915873;1,12056941778936;0,297473980657897;0,195174367461026;0,390348734922052;0,71138159097362;0,677376292497709;22,6061201527077;0,447214299384269;0,177845397743405;0,71138159097362;0,863753725828866;0,822464769761994;23,8617959727924;0,535705068552723;0,215938431457216;0,863753725828866
"104";20;20;1;2;0,5;0,600005354204641;0,585489095635174;1,12483487855338;0,809301778874662;0,300002677102321;0,600005354204641;1,24761549133976;1,1879772638336;3,76799909916953;2,35675315001053;0,31190387283494;1,24761549133976;1,607621916414;1,53077474494129;5,03325260317973;3,01172251930023;0,401905479103499;1,607621916414
"105";20;20;1;2;0,25;0,522159640924105;0,509526746385618;1,11375519958648;0,493299316345722;0,261079820462052;0,522159640924105;0,998877724132166;0,95112960191331;6,02126535532212;1,01486556813495;0,249719431033042;0,998877724132166;1,27152841474216;1,21074710719562;7,26171599992804;1,25820978364211;0,317882103685539;1,27152841474216
"106";20;20;1;3;10;2,35269231938908;2,29577234391999;1,78167039098612;19,5914279600608;1,17634615969454;2,35269231938908;12,7879522119151;12,1766654744179;7,99584637728775;1123,12606065131;3,19698805297879;12,7879522119151;18,3231133616275;17,4472361295258;11,1701957594044;1506,95011016556;4,58077834040688;18,3231133616275
"107";20;50;0,4;0;10;-0,272156153021595;-0,268809970812313;-0,171095104622533;0,0662196520288233;-0,0879290815523961;-0,194639319190586;0,500460494348467;0,488229742882514;0,213832618718128;9,68775444991266;0,0537502866885838;0,26337640477406;0,574529465975981;0,56048854329063;0,243106153543923;9,69213949222748;0,0614818100712317;0,301260869349035
"108";20;50;0,4;0;4;-0,177292439713435;-0,175112614634991;-0,169823846436865;0,0582684677424286;-0,0763592023670997;-0,169028299855629;0,26772393277027;0,261181028944337;0,214290167899053;1,58335721098924;0,0402387995567824;0,197170117828234;0,299156541949813;0,29184545674864;0,243130306717665;1,58675242532229;0,046069527342922;0,225740683980318
"109";20;50;0,4;0;2;-0,0797079061667373;-0,0787278909269823;-0,16965461943505;0,059851776690721;-0,0557865550203743;-0,123488803675079;0,13444020177855;0,131154618373756;0,22531254168714;0,420289109302089;0,02629682049897;0,128854420444953;0,140793552084035;0,137352699183567;0,254095231582791;0,423871344475125;0,0294089602200113;0,144103905078055
"110";20;50;0,4;0;1;0,00161079798451268;0,00159099309126047;-0,170235286743637;0,0617394435223873;-0,0243973822286534;-0,0540059077517817;0,0729126378555256;0,0711307262712776;0,290286310969822;0,13950375910653;0,0165535329230636;0,0811123113230115;0,0729152325256725;0,0711332575302941;0,31926636382251;0,143315517992984;0,0171487651826746;0,0840289493951055
"111";20;50;0,4;0;0,1;0,0686460721813485;0,0678020630971516;-0,175093212865898;0,0592108852169627;0,0459592691893903;0,101735179164692;0,0529104037384856;0,0516173266516894;7,8901440934095;0,0391212896476067;0,0247653978309671;0,121350449371739;0,0576226869644125;0,0562144464119196;7,9208017266012;0,042627218575783;0,02687765225539;0,131700496051411
"112";20;50;0,4;0;0,5;0,0472509440793488;0,046669989848865;-0,167337162407815;0,0608347181940546;0,00951997697670172;0,0210733673631188;0,0553573009981689;0,0540044242017376;0,532129239239003;0,0623014105904456;0,0151411187024872;0,0741914816421873;0,0575899527145587;0,0561825121542308;0,560130965161702;0,0660022735281957;0,0152317486641241;0,0746355684542083
"113";20;50;0,4;0;0,25;0,0640601187734349;0,0632724943622861;-0,16775262285353;0,0603310254014882;0,0329917830874524;0,0730304250386003;0,0534072771005081;0,0521020569281546;1,47463131165593;0,0446270310575866;0,0195746387879454;0,0959157300609325;0,0575109759177747;0,0561054654709801;1,50277225413016;0,0482668636835816;0,0206630965392349;0,101249173042251
"114";20;50;0,4;1;10;0,770444932854707;0,760972249254035;0,477648438536054;2,96026063799312;0,24704154341071;0,546849767702844;0,967450730016162;0,943807206565249;0,439684007087642;38,8770377834543;0,11003247561779;0,53915913052717;1,56103612457766;1,52288597069999;0,667832037923573;47,6401808283058;0,171061999788536;0,838203798963824
"115";20;50;0,4;1;4;0,51406778002923;0,507747274537067;0,475687023389072;1,21831700183414;0,219020282694806;0,484822062962684;0,48240911989479;0,470619525876937;0,425783140929087;6,7042706425583;0,079454087359634;0,389325028062206;0,746674802358971;0,728426820676756;0,652061285149842;8,18856695951643;0,127423971591347;0,624377460797599
"116";20;50;0,4;1;2;0,305675904995876;0,30191759468855;0,478691927802965;0,639112693987776;0,171828674893986;0,380358985995511;0,312505838694922;0,30486851009876;0,452813099970444;1,89271653438017;0,0553233190308741;0,271084263251283;0,40594359758997;0,396022744081279;0,681959061714163;2,30118156999648;0,0848484125466973;0,415757221478817
"117";20;50;0,4;1;1;0,212270706964163;0,209660821222801;0,474270124977345;0,341549256140491;0,10938626652026;0,242136822862369;0,250120915361259;0,244008211587902;0,511271353701872;0,582769902933493;0,0428892213584217;0,210157184656266;0,295179768396325;0,287965871543721;0,736203505147899;0,699425797303615;0,054854576661663;0,268787425642149
"118";20;50;0,4;1;0,1;0,102756171008945;0,101492775463753;0,480589427824722;0,0885840078933463;0,0688752198221155;0,152461798287863;0,0829262688960288;0,0808996342339131;8,28499926549744;0,0614328250166278;0,0383556135373666;0,187942506333096;0,0934850995764483;0,0912004177052489;8,51596546363434;0,0692799514710762;0,0430994094429113;0,211187106270265
"119";20;50;0,4;1;0,5;0,178848471160878;0,176649514548245;0,468457475940682;0,201304707756872;0,0797925467978984;0,176628331730854;0,18911748399254;0,18449564276691;0,728547584604985;0,223454327912891;0,0445186266972975;0,218141270816758;0,221104259629124;0,21570069375704;0,947999991369699;0,263977913277971;0,0508854772217923;0,249338838386782
"120";20;50;0,4;1;0,25;0,141548076061798;0,139807730864317;0,470068742590866;0,131646615040894;0,0772122815323214;0,170916671086204;0,128727510210574;0,12558153924584;1,67930892818255;0,109391284191064;0,0444722165623134;0,217913861155336;0,148763368047371;0,14512774085527;1,90027355094351;0,126722115442789;0,0504339529817399;0,247126369610526
"121";20;50;0,4;2;10;1,80797375212769;1,78574456665071;1,11877217872675;5,84809646326731;0,578909586172494;1,28147099612742;6,57699816725301;6,41626294262668;2,95254545155422;122,491717295634;0,743532954680833;3,64331147793608;9,8457672556357;9,60514659994922;4,20419663944722;156,691949539314;1,07866926364324;5,28547939185188
"122";20;50;0,4;2;4;1,19937504115046;1,18462862671008;1,11652596085376;2,36084558757187;0,512093901072278;1,13356817228854;3,09317374309097;3,01757968577779;2,99656869170161;20,5345013019651;0,543400180282708;2,66266088338527;4,53167423242563;4,42092466899881;4,24319891296202;26,1080931903227;0,805640343798132;3,94763768461085
"123";20;50;0,4;2;2;0,69180532476414;0,68329952159081;1,12325856002466;1,22547029000165;0,398194155772571;0,881440338246446;1,46750642814133;1,4316420460373;2,97562160656202;5,60937977613358;0,327795742291546;1,60619913722858;1,94610103551335;1,89854028224353;4,2373313992307;7,11115720781031;0,486354327982977;2,38313620711659
"124";20;50;0,4;2;1;0,429660030104556;0,424377324816385;1,11932686327424;0,634716641613374;0,244807520265958;0,54190454666478;0,790048805002347;0,770740806291005;3,05056530745382;1,59536620826396;0,175543844681064;0,860164838937214;0,974656546471795;0,950836920109317;4,30345793430118;1,99823142340492;0,235474566659832;1,15382537663317
"125";20;50;0,4;2;0,1;0,1354681882581;0,133802595779517;1,1272342264214;0,116743053383101;0,0909494238767658;0,201325131931477;0,116279225698392;0,113437478295289;10,8073243771705;0,086165418072979;0,0536803824723048;0,263033874114294;0,134630855728324;0,131340612932626;12,0779813783863;0,0997943585861886;0,0619521801758204;0,30356568286152
"126";20;50;0,4;2;0,5;0,317638163190848;0,313732775938502;1,132734678448;0,347435295931675;0,154852402309006;0,342780404711622;0,449809954340944;0,438817051163605;3,46928172764292;0,517165944785081;0,113503283739158;0,556166090321872;0,5507039570562;0,537245305861683;4,75236957940161;0,637877229644211;0,137482550240028;0,673664496176136
"127";20;50;0,4;2;0,25;0,217947977761352;0,215268289510188;1,12203336070172;0,201538661619891;0,121339677227081;0,268596825411069;0,240515165720501;0,234637216813565;4,22287294511074;0,20384059873192;0,0831693937556055;0,407530029402467;0,288016486730764;0,280977653282207;5,48183180763833;0,244458430859457;0,0978927110251777;0,479674284023371
"128";50;100;0,5;0;10;-0,0977519071086582;-0,0972319501559526;-0,0602038532245674;0,0224008990597893;-0,0341267644763373;-0,0723937997435228;0,105211117137328;0,104094826708217;0,0385961778603602;2,96166636849518;0,0124906684417844;0,0562080079880299;0,114766552480707;0,113548878839346;0,0422206818034455;2,96216816877387;0,0136553044954078;0,0614488702293352
"129";50;100;0,5;0;4;-0,0729390659942745;-0,0725510922389858;-0,0590157540543086;0,0304041751241217;-0,0305815696681865;-0,0648733058751104;0,0780747168980831;0,0772463437983553;0,0396840820445433;0,490378482703263;0,0112926586664424;0,0508169639989909;0,0833948242462003;0,0825100047834251;0,043166941271142;0,491302896568241;0,0122278910698126;0,0550255098141566
"130";50;100;0,5;0;2;-0,0388630336974433;-0,0386563154330952;-0,0600128009686979;0,027077627476465;-0,0240288155675063;-0,0509728152949938;0,0494860310684175;0,0489609840547615;0,043001373676414;0,131676695845429;0,00919767686080846;0,041389545873638;0,0509963664565861;0,0504552947776244;0,0466029099565226;0,132409893755183;0,00977506083838569;0,0439877737727356
"131";50;100;0,5;0;1;0,000261270576216151;0,000259880839108619;-0,0593677638982147;0,0289721368932998;-0,00973057631578583;-0,0206416694932361;0,0303611410605017;0,0300390092164069;0,0573877056105517;0,043989117832656;0,00710093995495135;0,0319542297972811;0,0303612093228157;0,0300390767544574;0,0609122370008259;0,0448285025488201;0,00719562407038868;0,032380308316749
"132";50;100;0,5;0;0,1;0,0344747994357901;0,0342914228430465;-0,063236356482475;0,0285956199499545;0,0221423018459276;0,0469709153590043;0,0219042714506888;0,0216718670314378;1,9863926176298;0,0148864922190778;0,00937306040880716;0,0421787718396322;0,0230927832468268;0,0228477687120384;1,99039145441098;0,0157042016994001;0,00986334193984332;0,0443850387292949
"133";50;100;0,5;0;0,5;0,0231415015181451;0,0230184084249635;-0,0597125438217081;0,0286329862664582;0,00629597620017848;0,0133557823960059;0,0236375702710579;0,0233867755434762;0,115969812790992;0,0218252798341958;0,00695166386787599;0,031282487405442;0,0241730993635722;0,0239166226698946;0,119535400680651;0,0226451277367309;0,00699130318418921;0,0314608643288514
"134";50;100;0,5;0;0,25;0,0321235272352224;0,0319526574095031;-0,0604979634359876;0,0289081286131084;0,0172076135954034;0,0365028607840427;0,0223361824774585;0,0220991954802582;0,351536563993654;0,0164629478457479;0,00826093091689728;0,0371741891260377;0,0233681034794906;0,0231201677957873;0,355196567573556;0,0172986277456599;0,00855703288254599;0,0385066479714569
"135";50;100;0,5;1;10;0,373272475147842;0,371286983258758;0,2318295104552;1,68213978206592;0,131174171837537;0,278262439268556;0,321854314884312;0,318439439146376;0,124934509346485;16,1010740306043;0,039836192244461;0,179262865100074;0,461186655587309;0,456293463083765;0,178679431264382;18,9306682770131;0,0570428556017248;0,256692850207761
"136";50;100;0,5;1;4;0,278265434066783;0,276785298779194;0,22970379724866;0,689105693087877;0,118533589197475;0,251447714159746;0,206993459420084;0,204797257878591;0,125482257772451;2,74451929207542;0,0336771589760497;0,151547215392224;0,284425111216459;0,281407359498878;0,178246092242905;3,21938594832154;0,0477273707440856;0,214773168348385
"137";50;100;0,5;1;2;0,172268067016316;0,17135174751091;0,230094528961507;0,362131316764569;0,0938759895829232;0,199141046474048;0,136200395557537;0,134755308744101;0,130180735636401;0,772320637539819;0,0254518933166746;0,114533519925036;0,165876682471075;0,164116730119144;0,183124227894418;0,903459728121459;0,0342645947368477;0,154190676315815
"138";50;100;0,5;1;1;0,119116900457935;0,118483299923584;0,229864029687746;0,194583997295886;0,0603653710428062;0,128054289639631;0,1121275406687;0,110937866954611;0,143104169298817;0,240534216047204;0,020287258204441;0,0912926619199843;0,126316376643406;0,124976159315393;0,195941641443106;0,27839714805085;0,0239312362255766;0,107690563015095
"139";50;100;0,5;1;0,1;0,0547997082132764;0,0545082204036313;0,229097039924271;0,0454709379578013;0,0351630128651788;0,0745920145317533;0,0345960895464078;0,0342290248797061;2,08272589729473;0,0235886456970432;0,0146735713271496;0,0660310709721733;0,037599097566668;0,037200170971277;2,13521135099679;0,0256562518958054;0,0159100088009063;0,0715950396040786
"140";50;100;0,5;1;0,5;0,101486421964215;0,100946600570788;0,230555518531209;0,111654495890289;0,0458194173518015;0,0971976621584262;0,0863022649415894;0,0853865975198744;0,202728978769162;0,0900191311028915;0,0211117073916942;0,0950026832626239;0,096601758784688;0,0955768136866726;0,255884825894357;0,102485857555406;0,0232111263981528;0,104450068791687
"141";50;100;0,5;1;0,25;0,078886677716526;0,0784670677286722;0,232763245919284;0,0705068228826526;0,0434328562580781;0,0921350015591628;0,0566848723019374;0,0560834455502051;0,436962921833499;0,0430285684988574;0,0196604534074198;0,0884720403333891;0,0629079802230884;0,0622405262681411;0,49114165048438;0,0479997805718631;0,0215468664101547;0,096960898845696
"142";50;100;0,5;2;10;0,840026921845266;0,835558693537579;0,521007795235197;3,38317506783903;0,294885918042916;0,625547496973699;1,93151483659787;1,91102145543772;0,748596771839713;53,7950668700635;0,23874142756537;1,07433642404417;2,6371600660227;2,60917978578395;1,02004589453555;65,2409404097111;0,325699132225383;1,46564609501423
"143";50;100;0,5;2;4;0,631421064012884;0,628062441331964;0,520467399111898;1,35474906159238;0,268496437977415;0,56956695605479;1,21534601428617;1,2024511875728;0,758677468710939;9,02376512992288;0,202058499754759;0,909263248896416;1,61403857436533;1,59691361778467;1,02956378224924;10,8591101498083;0,274148836961319;1,23366976632593
"144";50;100;0,5;2;2;0,378407935611359;0,376395127443213;0,516521734402124;0,689393787291691;0,209905211831558;0,44527619607748;0,62727775566609;0,620622335838827;0,747874144072701;2,42050584818009;0,136835554499582;0,615759995248118;0,77047032139974;0,76229562780182;1,01466884618248;2,89576964213648;0,180895752453633;0,814030886041349
"145";50;100;0,5;2;1;0,238948156838247;0,237677156004;0,526734073734052;0,359876720203429;0,131640299005097;0,279251244311787;0,359986848787347;0,356167386692076;0,779044842452359;0,687966345026992;0,0794249449447274;0,357412252251273;0,417083070443742;0,412657817178226;1,05649362688483;0,817477598771369;0,0967541132668788;0,435393509700954
"146";50;100;0,5;2;0,1;0,0739747518547879;0,0735812691321561;0,510857419211058;0,0614082655346657;0,0474199683404198;0,100592943531487;0,0508707950538232;0,0503310556880133;2,69500773551097;0,0347253199432106;0,0214995647558926;0,0967480414015168;0,0563430589658006;0,0557452588551121;2,95598303827396;0,0384962950191866;0,023748218153299;0,106866981689846
"147";50;100;0,5;2;0,5;0,179583168729814;0,178627939108911;0,521100736034362;0,194355353987402;0,0852945177473706;0,180936995691606;0,212254711247666;0,210002687800465;0,830830218092481;0,220534614584496;0,0535090219034621;0,240790598565579;0,244504825738707;0,241910628430762;1,10237619518803;0,258308618208064;0,0607841766612186;0,273528794975484
"148";50;100;0,5;2;0,25;0,125258036818624;0,124591770665333;0,525609866635911;0,111792049043269;0,0694757627401635;0,147380348885032;0,111403198321772;0,110221209883263;1,07672910979915;0,0851558617908854;0,0381971732305484;0,171887279537468;0,127092774109428;0,125744319200786;1,35299484170417;0,0976533240201782;0,0430240548388758;0,193608246774941
"149";50;20;2,5;0;10;-0,0693602944224974;-0,0685075039173028;-0,0598626400862427;0,161438529532809;-0,0463925288850386;-0,102694240384312;0,0538041752221949;0,0524892552586721;0,0398671741134352;7,96388503167709;0,0251101103913295;0,123039540917514;0,0586150256645705;0,0571825333516514;0,0434507097915303;7,98994743049481;0,0272623771276786;0,133585647925625
"150";50;20;2,5;0;4;-0,0631636822701824;-0,0623870796193195;-0,0595167895533821;0,172089399299714;-0,0324471345214112;-0,0718247940434758;0,052894017908915;0,051601341275324;0,0442781066052677;1,47681509066452;0,0193828053970513;0,0949757464455514;0,0568836686668435;0,0554934889787513;0,0478203548440093;1,50642985201586;0,0204356219357019;0,100134547484939
"151";50;20;2,5;0;2;-0,0464388273845144;-0,0458678581953606;-0,0600879535135318;0,167805891423073;-0,00905562166369734;-0,0200454730602328;0,0555730553277244;0,0542149057123347;0,0628088664539258;0,502747991622998;0,0151933773980903;0,0744475492506423;0,0577296200165731;0,0563187661277644;0,0664194286113701;0,53090680881929;0,0152753816818063;0,0748493702408508
"152";50;20;2,5;0;1;-0,000189552402602076;-0,000187221840275001;-0,058732113899444;0,173097723889547;0,025004775333359;0,0553504297039474;0,072453304975266;0,0706826190249332;0,134442575708089;0,294112189924799;0,0165504770527078;0,0810973375582683;0,0724533409053793;0,0706826540769507;0,137892036911186;0,324075011940541;0,0171757158421796;0,0841610076266799
"153";50;20;2,5;0;0,1;0,26982233658379;0,266504848838908;-0,0761039346751767;0,169513834671253;0,0871254466512976;0,192860397504313;0,498966010355299;0,486771782576023;9,89398325339862;0,212857249902862;0,0535216481797135;0,262256076080596;0,571770103674835;0,557796617030672;9,89977506227166;0,241592190047815;0,0611124916339016;0,299451209006118
"154";50;20;2,5;0;0,5;0,0801222088570099;0,0791370997317188;-0,0606753845179381;0,172007436548264;0,056251842676474;0,124518761807384;0,135421926956126;0,13211235117473;0,429187586656524;0,232812956217816;0,026531117994933;0,130002478175171;0,141841495308252;0,138375031728678;0,432869088942923;0,262399514445721;0,0296953877994317;0,145507400217216
"155";50;20;2,5;0;0,25;0,180465085179997;0,178246252165489;-0,0555592885846953;0,173925054097348;0,0778291825321011;0,172282239661301;0,269364452719996;0,262781456235388;1,57370977394047;0,223300114629818;0,0405909545817432;0,198895677450541;0,301932099689019;0,294553182646431;1,57679660848851;0,253550039072583;0,0466483362353583;0,228576847553256
"156";50;20;2,5;1;10;0,267574724708356;0,264284871535712;0,230514172305482;6,63802278517498;0,179923473347096;0,398277586213797;0,168808730893916;0,164683215181563;0,125195234106987;135,39749207637;0,0779133654463361;0,381775490687047;0,240404964196669;0,234529708504211;0,178332017740668;179,460838572872;0,110285821707619;0,540400526367335
"157";50;20;2,5;1;4;0,254266653122562;0,251140423780891;0,231629380997898;2,79495976177206;0,149980145345865;0,331995204167224;0,16429467689164;0,160279480121999;0,130858693164144;24,7415077990759;0,0690647706882413;0,338417376372382;0,228946207781789;0,223350992578845;0,184510863305613;32,5533078690009;0,091558814686208;0,448638191962419
"158";50;20;2,5;1;2;0,229411343490566;0,226590712218141;0,232254234860995;1,4724688319199;0,138634384546742;0,306880292028348;0,175472145891347;0,171183783013896;0,148481420694915;7,21517490049826;0,0767679733830198;0,376163069576797;0,228101710413494;0,222527133877421;0,202423450305782;9,3833393614738;0,0959874659616737;0,470338583212201
"159";50;20;2,5;1;1;0,216671881093025;0,214007882554997;0,23140416307858;0,819883869501015;0,161029538585282;0,356454078746822;0,248797540441036;0,242717178620596;0,220673165515917;2,41424510834647;0,0958575066820196;0,469701782741896;0,295744244497426;0,288516552416269;0,274221052206015;3,08645466781443;0,121788018979008;0,596761292997141
"160";50;20;2,5;1;0,1;0,375600424905763;0,370982386894627;0,236939406252366;0,234219799598703;0,120724703346422;0,267235522695991;0,73353984550042;0,715612868961803;9,79433274882797;0,311075770655205;0,0789149597890092;0,386683302966145;0,87461552468981;0,853240800347838;9,85047303106319;0,365934685179262;0,0934894137870908;0,458098127556745
"161";50;20;2,5;1;0,5;0,270750608506163;0,267421707581906;0,227671254331282;0,49714040634828;0,169499415879707;0,37520295137359;0,406746368469326;0,396805896047214;0,50844200177626;1,03044565087057;0,105044480898546;0,514717956402877;0,480052260475783;0,468320265733237;0,560276201825039;1,27759423449471;0,133774532882108;0,655495211122329
"162";50;20;2,5;1;0,25;0,353671390878185;0,349322972137879;0,234419037668883;0,334488756850964;0,15160043713398;0,335581872934381;0,587212007757498;0,572861136498308;1,67802301482765;0,52438740259731;0,0963893083481459;0,472307610905915;0,712295460483208;0,694887675361549;1,73297530004925;0,636270131057013;0,11937200088736;0,584922804348062
"163";50;20;2,5;2;10;0,608537183257792;0,60105516870954;0,524376052849788;13,0911473073988;0,408844542153021;0,905015973492588;1,02143453802959;0,996471704570284;0,759811143166042;499,469027410533;0,467033482331677;2,28846406342522;1,39175204143691;1,35773902040274;1,03478138796837;670,847165234548;0,63418734197999;3,10751797570195
"164";50;20;2,5;2;4;0,568613565467836;0,56162241507274;0,520263963526996;5,36133199930258;0,330396888064852;0,731364688681644;0,927145281372507;0,904486782575191;0,759991028662983;84,470770149978;0,356513301502092;1,74691517736025;1,25046666820655;1,21990651968733;1,0306656204078;113,214650956724;0,46567540514503;2,28180948521065
"165";50;20;2,5;2;2;0,499198985898717;0,493061293449143;0,518043984304718;2,78374107371363;0,284285259380776;0,6292922473985;0,809724196590223;0,789935351084331;0,774687538294237;23,4303432462115;0,298827163873275;1,46425310297905;1,05892382411253;1,03304479018207;1,04305710796854;31,1795576116918;0,37964527257447;1,8602618356149
"166";50;20;2,5;2;1;0,434400030420812;0,429059046440228;0,521881758436525;1,47132338815281;0,298010573694022;0,659674525780598;0,785856470196907;0,766650927934469;0,85028341062912;6,86102079055906;0,284271725911978;1,39293145696869;0,974559856626509;0,950742593266667;1,12264398041792;9,02581330308454;0,373082027945418;1,82810193693255
"167";50;20;2,5;2;0,1;0,477230030685766;0,471362448341269;0,519783937406395;0,296900732833238;0,153178668274906;0,339075436490054;1,02412348219255;0,999094933640581;10,5288310340623;0,438399513083285;0,111016696617026;0,543981813423429;1,25187198438089;1,22127749134686;10,799006375648;0,526549558240198;0,1344804010315;0,658953965054349
"168";50;20;2,5;2;0,5;0,462214418745348;0,456531454580446;0,51971380915929;0,817710430606666;0,282064002939736;0,624375286663796;0,919037472874881;0,896577120768039;1,14770873041051;2,38696329505337;0,244452182379263;1,19781569365839;1,13267964177098;1,10499808978938;1,41781117384137;3,05561364337631;0,324012284133651;1,58766019225489
"169";50;20;2,5;2;0,25;0,526227634698455;0,519757622796425;0,526743815414018;0,494022842419534;0,225093864260997;0,498266508875466;1,0514561017669;1,02575957146472;2,28412195540962;0,964986100012583;0,178030191870629;0,87234794016608;1,32837162528723;1,29590755791971;2,56158100248654;1,20904466884486;0,228697439598577;1,12061745403303
"170";50;20;2,5;3;10;0,939066765977174;0,927520863116799;0,809145776162262;19,5262571432828;0,631129002043078;1,39706360069163;2,59957681171512;2,53604576728746;1,93117223585523;1094,51171385548;1,19080707889831;5,83495468660173;3,48142320267795;3,39634071880439;2,58588912293645;1475,78643188109;1,5891308961182;7,7867413909792
"171";50;50;1;0;10;-0,0817331846701715;-0,081059559521791;-0,059895123127716;0,0515155204180179;-0,0408665923350858;-0,0817331846701715;0,0729866859706813;0,0717885664652907;0,038564365387132;3,87126624192314;0,0182466714926703;0,0729866859706813;0,0796669994470097;0,0783592186551575;0,0421517911616162;3,87392009076708;0,0199167498617524;0,0796669994470097
"172";50;50;1;0;4;-0,0690416178297639;-0,0684725935069911;-0,0597114992459456;0,0577132067274308;-0,034520808914882;-0,0690416178297639;0,0625278996011242;0,061501467243676;0,0408557111938352;0,650589541285047;0,015631974900281;0,0625278996011242;0,0672946445936753;0,0661899633052497;0,0444211743360338;0,65392035551581;0,0168236611484188;0,0672946445936753
"173";50;50;1;0;2;-0,0426887988933241;-0,0423369681332143;-0,0597676539593649;0,0594760099134286;-0,0213443994466621;-0,0426887988933241;0,0484670366156533;0,0476714216186795;0,0483280203001948;0,192492975029887;0,0121167591539133;0,0484670366156533;0,050289370166608;0,0494638404893923;0,0519001927600012;0,19603037078511;0,012572342541652;0,050289370166608
"174";50;50;1;0;1;0,000891370951989381;0,000884024488099359;-0,0579598677709626;0,0606495636018451;0,000445685475994691;0,000891370951989381;0,0405266557316858;0,0398613867709895;0,0759328900999866;0,0771122245591719;0,0101316639329215;0,0405266557316858;0,0405274502738599;0,0398621682702851;0,079292236372014;0,0807905941242662;0,010131862568465;0,0405274502738599
"175";50;50;1;0;0,1;0,0811864277982136;0,0805173088877888;-0,0556966084256669;0,059484799048343;0,0405932138991068;0,0811864277982136;0,0729717641931957;0,0717738896375849;3,88290001368398;0,0385159903293266;0,0182429410482989;0,0729717641931957;0,0795630002518302;0,0782569266681165;3,88600212587411;0,0420544316471484;0,0198907500629576;0,0795630002518302
"176";50;50;1;0;0,5;0,043016533177489;0,0426620013106416;-0,0580677583114716;0,0599601227126881;0,0215082665887445;0,043016533177489;0,0483618404562639;0,0475679523163022;0,190704169891832;0,0483956421346984;0,012090460114066;0,0483618404562639;0,0502122625828739;0,0493879986721314;0,194076034447152;0,0519908584504191;0,0125530656457185;0,0502122625828739
"177";50;50;1;0;0,25;0,0703428731834785;0,0697631242286696;-0,05556346635862;0,0605662996062614;0,0351714365917392;0,0703428731834785;0,0628712041730161;0,0618391362685034;0,658628475718026;0,0409017877580729;0,015717801043254;0,0628712041730161;0,067819323980723;0,0667060297706482;0,661715774511811;0,0445700644060683;0,0169548309951808;0,067819323980723
"178";50;50;1;1;10;0,314801425928067;0,312206908681407;0,231310422920611;2,94611809847328;0,157400712964033;0,314801425928067;0,231256413656165;0,227460203206776;0,125203312726512;32,9831119645413;0,0578141034140412;0,231256413656165;0,330356351422509;0,324933357035177;0,178707824478224;41,6627238146932;0,0825890878556272;0,330356351422509
"179";50;50;1;1;4;0,271491363334413;0,269253797153086;0,231295788939919;1,20913040638525;0,135745681667206;0,271491363334413;0,184685114621331;0,181653399518223;0,125742394159386;5,66403791462742;0,0461712786553328;0,184685114621331;0,258392674986509;0,254151006799578;0,179240136140725;7,12603425427279;0,0645981687466273;0,258392674986509
"180";50;50;1;1;2;0,204628537714505;0,202942038777297;0,231185025249127;0,636099505344597;0,102314268857252;0,204628537714505;0,155471346711101;0,152919192841575;0,134091749978714;1,66925672040394;0,0388678366777752;0,155471346711101;0,197344185158277;0,194104663944661;0,187538265878154;2,07387930110358;0,0493360462895693;0,197344185158277
"181";50;50;1;1;1;0,162696459915536;0,161355555026122;0,230113614391606;0,348092819294151;0,0813482299577679;0,162696459915536;0,162774800882214;0,160102756504129;0,16266972006759;0,535748436391356;0,0406937002205536;0,162774800882214;0,189244938951262;0,186138371641917;0,215621995595958;0,656917047235507;0,0473112347378154;0,189244938951262
"182";50;50;1;1;0,1;0,120103371724229;0,119113508770458;0,230913841311409;0,0880880560120164;0,0600516858621143;0,120103371724229;0,112363417626676;0,110518905842637;3,98013927642299;0,0597362060477755;0,028090854406669;0,112363417626676;0,126788237526204;0,124706933814247;4,03346047853218;0,0674957116597516;0,0316970593815511;0,126788237526204
"183";50;50;1;1;0,5;0,166495222264428;0,165123008894117;0,229063663157256;0,205420546723544;0,0832476111322142;0,166495222264428;0,174429084652006;0,171565728330924;0,278805412944036;0,211096058849759;0,0436072711630016;0,174429084652006;0,202149743688888;0,198831336397171;0,331275574723056;0,253293659865959;0,0505374359222219;0,202149743688888
"184";50;50;1;1;0,25;0,154631846697301;0,153357408400345;0,232036039118834;0,132786025718482;0,0773159233486505;0,154631846697301;0,151710716198849;0,149220295297596;0,745383514118173;0,104023431244215;0,0379276790497123;0,151710716198849;0,175621724211867;0,172738790008866;0,79922423756813;0,121655559870325;0,0439054310529667;0,175621724211867
"185";50;50;1;2;10;0,703332663653322;0,697535965875959;0,516780194199104;5,80637486596133;0,351666331826661;0,703332663653322;1,38740948157965;1,36463433650028;0,751630943505504;115,736496866087;0,346852370394911;1,38740948157965;1,88208631734132;1,85119076019079;1,01869271262197;149,450485950155;0,47052157933533;1,88208631734132
"186";50;50;1;2;4;0,606845784896629;0,601844308647481;0,517208331841796;2,37958631116639;0,303422892448315;0,606845784896629;1,07560295616188;1,05794629913335;0,748829930222434;19,4053418573927;0,26890073904047;1,07560295616188;1,44386476280869;1,42016287098471;1,01633438874901;25,0677728696832;0,360966190702172;1,44386476280869
"187";50;50;1;2;2;0,446482926982716;0,442803122639452;0,516230021497474;1,21920841153219;0,223241463491358;0,446482926982716;0,739588062051355;0,727447287726382;0,768779638034611;5,37361416045877;0,184897015512839;0,739588062051355;0,938935066138408;0,923521893145631;1,03527307312989;6,86008331120963;0,234733766534602;0,938935066138408
"188";50;50;1;2;1;0,330553482132594;0,327829140246886;0,526082455496736;0,646737282550499;0,165276741066297;0,330553482132594;0,534872388253985;0,526092142477113;0,804039308974789;1,56953778849573;0,133718097063496;0,534872388253985;0,644137992803968;0,633564087672125;1,08080205895626;1,98780690113653;0,161034498200992;0,644137992803968
"189";50;50;1;2;0,1;0,159887017262281;0,158569267120009;0,5135609915383;0,117398818411698;0,0799435086311403;0,159887017262281;0,164554199795797;0,161852945534869;4,6376112305709;0,0881366820285574;0,0411385499489492;0,164554199795797;0,190118058084826;0,186997158009846;4,9013561226007;0,10191916459302;0,0475295145212064;0,190118058084826
"190";50;50;1;2;0,5;0,293045496001202;0,290630285869323;0,524441398618029;0,352016452495035;0,146522748000601;0,293045496001202;0,419379753069138;0,412495387028463;0,910680228040847;0,511203936606507;0,104844938267285;0,419379753069138;0,505255415795729;0,496961350092947;1,18571900862528;0,635119519433696;0,126313853948932;0,505255415795729
"191";50;50;1;2;0,25;0,238957591326955;0,236988160629206;0,519163383133607;0,205113022542148;0,119478795663478;0,238957591326955;0,289142940347492;0,284396488414937;1,38497019856111;0,2020356044161;0,0722857350868731;0,289142940347492;0,346243670800273;0,340559876693352;1,65450081694784;0,244106956432476;0,0865609177000681;0,346243670800273
