"n1";"n2";"m1";"m2";"var1";"var2";"skew";"kurt";"Average_m1";"Stdev_m1";"Average_m2";"Stdev_m2";"Average_sd1";"Stdev_sd1";"Average_sd2";"Stdev_sd2";"Average_skew1";"Stdev_skew1";"Average_skew2";"Stdev_skew2";"Average_kurt1";"Stdev_kurt1";"Average_kurt2";"Stdev_kurt2"
"1";100;100;0;0;1;0,01;6,32;95,75;2,234679720176e-06;0,100056371700912;-5,23473403619543e-07;0,0100182225429447;0,998711653916335;0,885046280531839;0,0100259579421123;0,0101421717970603;18,6179565041946;14,2053213357129;18,6076321285932;14,190586396176;3,75560720196105;1,273329798521;3,75412830672646;1,27274274631796
"2";100;100;0;0;1;0,0625;6,32;95,75;4,05878643362892e-05;0,099912826336905;0,000104463192246174;0,0249851729722658;1,00053371863885;0,986839563521497;0,0626647515897409;0,0588684925780135;18,6677849050856;14,2336904539749;18,5970063226731;14,2199671764867;3,76014627929906;1,27524044717684;3,75299126751455;1,27486682864633
"3";100;100;0;0;1;0,25;6,32;95,75;4,60549653904044e-05;0,100100387623827;-5,91402755907454e-05;0,0499195214649471;1,00071207468607;0,919073184178399;0,249651349781519;0,233731330315926;18,6646625200462;14,1963838089101;18,5596570991385;14,1599462178265;3,76029583873032;1,27409465583758;3,75046534122598;1,27091833153726
"4";100;100;0;0;1;1;6,32;95,75;1,57294036650479e-05;0,100032525074167;-0,000180529366409765;0,100124516703505;0,997488491768272;0,950123006170443;1,00003440950055;0,968143239801369;18,5831503173339;14,1731038783075;18,6870942917008;14,2349839901223;3,75191704419377;1,27244274989083;3,76185657028548;1,27623174315563
"5";100;100;0;0;1;100;6,32;95,75;1,04944170036577e-05;0,100262727434432;0,00321663297971717;0,993773981770326;1,00142073150934;0,958471728188311;99,7017104254555;90,1130349671306;18,6417869696063;14,2311195017632;18,5898731535183;14,1023275011348;3,75809504543366;1,27577429455407;3,75384748857799;1,2655219248152
"6";100;100;0;0;1;4;6,32;95,75;-0,000262271582829871;0,0998329278507202;-0,000193626684413249;0,199524053922898;0,995750494661814;0,913232645922552;4,0086123786359;3,68782278572551;18,5679816395357;14,0753924467449;18,6647167586185;14,2389130476238;3,75218093902318;1,26447802690863;3,76007143508979;1,27651922923649
"7";100;100;0;0;1;16;6,32;95,75;0,000101912486037184;0,100069346201553;-0,000260441706293009;0,39923649397206;0,997499136423372;0,89293573580499;15,9489600979938;14,8807099032271;18,66351184767;14,2079246967845;18,5453384178912;14,1197970474226;3,75941990359513;1,27435743026716;3,74892697267332;1,26744691093075
"8";100;100;1;0;1;0,01;6,32;95,75;0,999708621415133;0,0998899556086255;-4,9003478103961e-05;0,00999159261211603;0,998980003004745;1,05429040932331;0,00999741037856807;0,00933864839627225;18,6329750059638;14,1735556759774;18,6277498179199;14,231881048495;3,75675725858146;1,27231951230142;3,75604055202963;1,27508698839013
"9";100;100;1;0;1;0,0625;6,32;95,75;0,999902466403905;0,0999654305830246;-0,000102863067933787;0,0249490203092993;1,00249673836796;1,5223304421049;0,062318587128498;0,0603385243999201;18,6360331769833;14,1679752123911;18,6138184168292;14,1701631091235;3,75810070456364;1,27076187997436;3,75511477066412;1,27158104566082
"10";100;100;1;0;1;0,25;6,32;95,75;0,99988213054721;0,0997088457181843;-0,000138041193654691;0,0501110220886494;0,996993777731945;0,960671414986804;0,249860715418624;0,236831219222366;18,5518918695459;14,1572039986216;18,6105347327094;14,1273246125375;3,74947509503039;1,27010593772798;3,75696463907767;1,26742127352327
"11";100;100;1;0;1;1;6,32;95,75;0,999465309041991;0,0996737000886688;0,000108841369592027;0,100165993928487;0,997480790862937;0,934372462942481;1,0023743524027;1,0009847180909;18,6571542965571;14,2100782089063;18,5789996624257;14,1855454171754;3,7589809563834;1,27412648557969;3,75274919290346;1,2719821416604
"12";100;100;1;0;1;100;6,32;95,75;1,00055703635816;0,0997792392319459;0,00173016931201399;0,995443593490293;1,00083166339888;0,90185554150512;99,6705520870952;91,4298874807788;18,6508107897003;14,1925361470449;18,5612064323703;14,1036335280586;3,75921199139154;1,27173788491818;3,75048243748083;1,26717128752652
"13";100;100;1;0;1;4;6,32;95,75;1,00018631706071;0,0999943242804006;0,000469293094216954;0,200014917672476;1,00204403592721;0,901764832351757;3,9905704978528;3,60457738581134;18,6957161964709;14,2522008410703;18,6047653190139;14,1003728558042;3,76300846159115;1,2767291240252;3,75517683131442;1,26594338573382
"14";100;100;1;0;1;16;6,32;95,75;1,00072882305263;0,100399004791482;0,000397671277399164;0,399511339262913;1,00619551600155;1,01167587624021;15,9697348991673;14,5129944176661;18,6529658578823;14,207270141826;18,6754905233156;14,1599413495986;3,75978060876686;1,27327699711987;3,76146454081974;1,27070647427943
"15";100;100;2;0;1;0,01;6,32;95,75;1,99989083071959;0,0994957709153236;3,57515747101576e-05;0,0100029261096113;0,99538733478687;0,88093216571985;0,0100265698021634;0,00915036019345801;18,552787744271;14,0862828403044;18,659975259331;14,2131720893745;3,75091081762013;1,26477986240324;3,75924482614027;1,27435404004071
"16";100;100;2;0;1;0,0625;6,32;95,75;2,00016242157981;0,100703532138066;2,36522496850887e-05;0,0249605150273769;1,00599763227909;0,984496345460417;0,0626963016588924;0,067161255993087;18,7761245316575;14,3223928521388;18,6393030256155;14,2629749938363;3,7694085547628;1,28276503760699;3,75723266269848;1,2771764782865
"17";100;100;2;0;1;0,25;6,32;95,75;1,99999905620387;0,100290503570326;3,99172677755449e-05;0,0499408169717163;0,999207489686025;0,948128710825938;0,2501776377865;0,232169655092807;18,5664220023049;14,147344464528;18,6690317649746;14,1416653084585;3,75127076069388;1,26875097372695;3,76136685627115;1,26879846067561
"18";100;100;2;0;1;1;6,32;95,75;2,00018993213866;0,10007740386949;-5,20971363048092e-06;0,0997789888128306;1,0052824193062;1,02268315561157;0,997460428215141;0,998237211061659;18,6453731782886;14,2551809432188;18,565066264736;14,0957204712782;3,757565939735;1,27758815325388;3,75146607432903;1,26587867876618
"19";100;100;2;0;1;100;6,32;95,75;1,99979033190021;0,0999592272131418;0,00428713274944725;1,0017479774562;0,998379921729507;0,912135246721425;100,175869379977;93,7955673947988;18,653250172077;14,2088052736995;18,5907854989854;14,1604674803967;3,75944048444414;1,27462586771916;3,75350256549827;1,27065245217682
"20";100;100;2;0;1;4;6,32;95,75;1,9996175378963;0,0998234703120556;0,000469537965722256;0,200685253503487;0,994415505486876;0,92285669670967;4,00878937042534;3,74822131536936;18,5743525919756;14,0862104490574;18,647081340058;14,1898702504516;3,75234935691549;1,26451656153212;3,75858080608864;1,27209567670125
"21";100;100;2;0;1;16;6,32;95,75;1,99968223239677;0,0999319076499372;0,00019113546603714;0,401262691081668;0,998045295652166;0,924130767637924;16,042124260119;15,3782287867817;18,6768238454105;14,2372920597273;18,6848587371126;14,2346500304104;3,75990844859106;1,27748949403696;3,76164005887576;1,27521401314309
"22";100;20;0;0;1;0,01;6,32;95,75;-0,000138145963951893;0,0995331121775472;-4,26954916895006e-05;0,02240951317495;0,996632768439848;0,882310699773488;0,00996103250067305;0,0209722366779275;18,6141192499835;14,1323302851515;6,73993335627314;5,12197829696858;3,7559603299276;1,26934540211443;2,46301408586927;0,839808506177332
"23";100;20;0;0;1;0,0625;6,32;95,75;-0,000825885240253554;0,0993935773297205;3,59033163029149e-05;0,0558697216216273;0,990932306908974;0,870680339880665;0,0626769295915328;0,117908415002276;18,5576477565316;14,116938458834;6,76985691007911;5,14696391813997;3,7495960276201;1,26816075771628;2,46700875341897;0,843486149776701
"24";100;20;0;0;1;0,25;6,32;95,75;3,4136174365399e-05;0,100076440358189;-0,000109035496525537;0,111002558726983;1,00025799784807;0,930661969842744;0,248112701177875;0,434683755294512;18,6797695589404;14,1701118806102;6,78419821938122;5,12140971511431;3,7619300437706;1,27109148047818;2,46989345925959;0,839684966392336
"25";100;20;0;0;1;1;6,32;95,75;0,000249117746659519;0,100067074475942;-0,000710623506558911;0,222574258092558;1,00409119748819;0,972927214967074;0,99590496338849;1,86966042422792;18,6706512174489;14,2490474569448;6,7597196180694;5,12874285136909;3,76076133027673;1,27611501467481;2,46536180363875;0,840978865855863
"26";100;20;0;0;1;100;6,32;95,75;0,000309077477425594;0,100196977064685;0,0101200102276652;2,23678054607394;1,00554780992933;0,956867753383981;100,58743816483;201,402112140078;18,73368803672;14,3207614733176;6,77501312599927;5,13422854018809;3,76543723209771;1,28169515075267;2,46886202606923;0,841216806585933
"27";100;20;0;0;1;4;6,32;95,75;-1,11834168744284e-05;0,100054403411629;6,57539514377433e-05;0,445672743188743;0,999020855747788;0,914132689878416;3,97397682028701;7,38659032639676;18,6113683065683;14,2002004825323;6,745060599813;5,11968986187878;3,75452814250199;1,27458578847936;2,46337721267825;0,839768010303398
"28";100;20;0;0;1;16;6,32;95,75;9,64335733699454e-05;0,0999488365182298;0,00352476906131435;0,894987077550419;1,00338075941392;0,978407571195731;15,9692725933458;29,7290781033706;18,6914442878216;14,2283934689061;6,758964144861;5,12829957216663;3,76279512784224;1,27618027695983;2,46525813880973;0,84128599619782
"29";100;20;1;0;1;0,01;6,32;95,75;0,999814773765725;0,0996936572761135;8,70008835516887e-05;0,0224745310958319;1,00156969411443;1,00090215969001;0,0100508333449682;0,0188177872464268;18,6501884546866;14,26389149361;6,79120668304263;5,12761181589472;3,75820008762317;1,27654914410394;2,47154360549199;0,839953743134669
"30";100;20;1;0;1;0,0625;6,32;95,75;0,999884446078191;0,0999849653711326;9,10219027060944e-05;0,0559301554362832;0,999100432643734;0,931694749739864;0,0625162696677039;0,130267344043043;18,680872913114;14,1872582513466;6,74835652109631;5,12064248323911;3,76224229782041;1,27284984683025;2,46411687984675;0,83989118374354
"31";100;20;1;0;1;0,25;6,32;95,75;0,999609915695993;0,10034322038826;0,000275000587474715;0,111989665087376;1,00022581085803;1,02904178621247;0,250776096995772;0,495507704590422;18,6394997719197;14,2330671655269;6,79145731052019;5,13099915936368;3,75675723269859;1,275764005497;2,4709471165289;0,841580206270538
"32";100;20;1;0;1;1;6,32;95,75;0,999385896375428;0,0996199117429044;-1,81276666106031e-05;0,224616465548066;0,995641099206274;0,929668544778676;1,00501953619051;2,08290215819561;18,6088339974321;14,1771698271988;6,78885973039609;5,14264851046068;3,75463827058363;1,27205153080161;2,47055940851235;0,842991579856045
"33";100;20;1;0;1;100;6,32;95,75;1,000100947485;0,0998167945216398;0,00495787667410525;2,23381190848961;0,999817842301318;0,946683167620243;100,133213066876;183,451711830781;18,6059576644043;14,1415765092957;6,78438759721815;5,12936651032746;3,75554074179494;1,26910134812383;2,4702697433548;0,840691324653441
"34";100;20;1;0;1;4;6,32;95,75;0,999588270655093;0,100016570503371;-0,00122932657894181;0,445197348490898;0,996368412668534;0,929200859792349;3,96467899664518;6,91330181373885;18,6334830598777;14,1731897284102;6,75933215672148;5,13104064798422;3,75737060657693;1,270347464047;2,46618862001216;0,841167398848997
"35";100;20;1;0;1;16;6,32;95,75;0,999956646216523;0,0995222368428745;0,00103598482344245;0,895998701957662;1,00102312813662;0,91623270347586;16,013878320605;30,9472842849031;18,7247784951044;14,2455890869511;6,76478848115634;5,12071897089877;3,76539408021724;1,275563367692;2,4675854746456;0,838839237199331
"36";100;20;2;0;1;0,01;6,32;95,75;2,00050086649019;0,0999939222749498;-6,06795418375286e-05;0,0222345074352439;1,00181318719257;0,966133633231206;0,00992014400980521;0,0184235812945532;18,6186710582958;14,1796295739801;6,75470641575401;5,12100103586867;3,75590079641043;1,27205602914371;2,46509688685819;0,839604426763315
"37";100;20;2;0;1;0,0625;6,32;95,75;2,00043368646942;0,100132915363407;0,000245700494949558;0,0560739508203442;1,00056259347261;0,95080973781972;0,0623591833626901;0,125178383411607;18,6088469720249;14,1416752576705;6,76392148204882;5,13197468524451;3,75563198794843;1,26759136181364;2,46634581154754;0,841332199563579
"38";100;20;2;0;1;0,25;6,32;95,75;1,99975075388419;0,0998318551117842;-4,80723578963326e-05;0,111766741685741;0,996859950662808;0,920040717011941;0,24935689322794;0,477607506116371;18,5621139382189;14,1639076308296;6,76179756261189;5,12039707444626;3,75017134978739;1,27100179518429;2,46659251049704;0,839112201090976
"39";100;20;2;0;1;1;6,32;95,75;2,00010205957104;0,100026081295679;0,00113120337750582;0,224112401120181;1,00310959057982;1,04033863167472;1,0053527700337;1,86884989550813;18,6935557317;14,2582145012004;6,7590261165601;5,13177990467768;3,76177213422775;1,27775379186263;2,46607034311139;0,840869536696552
"40";100;20;2;0;1;100;6,32;95,75;2,00045902968096;0,100311994290084;0,00322232309625554;2,23187007386242;1,00590405681006;0,992129408806503;99,8871730933438;181,379065333213;18,644341800746;14,2421368102049;6,7828182892156;5,11947533379942;3,75788176404835;1,27633033483806;2,47024929078023;0,838402505675435
"41";100;20;2;0;1;4;6,32;95,75;1,9996762674183;0,0996529823238651;0,00213602046778035;0,44938917668417;0,997008477023241;0,900856635265668;4,0309557529953;7,91091701976843;18,5832387048974;14,1571500477649;6,80811496189557;5,12676812451485;3,75282940005678;1,27142469805594;2,47413254737107;0,839966578885138
"42";100;20;2;0;1;16;6,32;95,75;1,99999161346286;0,0998344058779503;-0,00151452276714335;0,893290085642528;0,997162925904193;0,938027361621158;16,0331965524156;32,8966356700069;18,5677765162337;14,1312559309222;6,7921602178369;5,13552500221229;3,75120073765835;1,26833731570417;2,47167268088652;0,841342162376449
"43";100;50;0;0;1;0,01;6,32;95,75;-0,00037927361892045;0,0998250903555782;6,7339990048154e-05;0,0142171611424571;1,00034387027596;0,993454478235279;0,0100613178342519;0,012354163773702;18,6460826425202;14,2257218949044;12,5696821528805;9,17919766142933;3,75778233540456;1,27480059080383;3,20024786702726;1,06687644978886
"44";100;50;0;0;1;0,0625;6,32;95,75;-8,73265472557363e-05;0,0995162391312612;-4,14367213151108e-05;0,0353126447477292;0,997838566816243;0,901483799337231;0,0625898597237104;0,114598741333736;18,6199708761056;14,1581505337511;12,5827343128294;9,1500448253938;3,75629186338103;1,27020879884193;3,20214986135997;1,06363572824869
"45";100;50;0;0;1;0,25;6,32;95,75;0,000398277566122991;0,100104311673158;9,00585454973206e-05;0,0710210516116333;1,00274349330765;0,93025214416266;0,250921132707503;0,463912810529978;18,6011289629586;14,1413056503818;12,5268468656449;9,11549765102246;3,75500095503177;1,26926374698656;3,19646601913952;1,06017522395388
"46";100;50;0;0;1;1;6,32;95,75;0,0004614800632054;0,100064461072504;-0,000254622761778218;0,140723387681336;1,00088293137634;0,998631714596868;0,996537892634812;1,25223464905941;18,5632430651477;14,2078317238652;12,5714571029819;9,15736377812487;3,74999051678835;1,27366297320759;3,20040829006935;1,06367751371243
"47";100;50;0;0;1;100;6,32;95,75;4,13579777808547e-05;0,0996935423795675;-0,00334076896096772;1,4121830799036;0,997648546038237;0,909786325146139;99,4996523918218;116,064022460681;18,5726620879735;14,1271931115158;12,5801811623256;9,14340105009083;3,75218678435519;1,2683524262824;3,20244149705878;1,06234693918058
"48";100;50;0;0;1;4;6,32;95,75;0,000321707577880013;0,100082963529499;-0,000453261031668575;0,281590266044441;1,00000801944331;0,889643917536081;3,98150045106886;5,52840365709897;18,6382901727434;14,2092006162361;12,5251941486632;9,10825339065779;3,75708084347892;1,27398749578743;3,19589620393266;1,05899529176398
"49";100;50;0;0;1;16;6,32;95,75;-0,000272169131132709;0,0995764293681516;0,00250288963828697;0,564025106433513;0,995734132597279;0,88450544835581;16,0416949480324;20,5652568005608;18,6310950778522;14,1758489182675;12,5618849506765;9,20216574766099;3,75716837681923;1,27059632968849;3,19808227319594;1,06948535873439
"50";100;50;1;0;1;0,01;6,32;95,75;0,999727678643207;0,0998403427615497;2,80866735442608e-05;0,0142261506181709;0,999575461847893;0,933403650820785;0,0100723567780821;0,0131963835053128;18,65519677879;14,2391232190127;12,5769554707076;9,18691771879572;3,75904575258848;1,27572534668343;3,20126873749124;1,06741275728885
"51";100;50;1;0;1;0,0625;6,32;95,75;1,00005570149905;0,0997623004013348;-7,65774165254074e-05;0,0352600762986189;1,00320236307865;0,94862504283261;0,062358265437891;0,0808849247411335;18,6627751173212;14,2297723804973;12,5648146491003;9,16742833643133;3,76073120178438;1,27504385904403;3,19970476204918;1,06537046389715
"52";100;50;1;0;1;0,25;6,32;95,75;0,999884376859619;0,0998611334339611;-0,000231403756907306;0,0702071185095112;1,00248877275378;0,953216945642405;0,24904113243791;0,314152112924393;18,6925478196407;14,2679844920224;12,5320615671226;9,16428063532329;3,76310000126208;1,27792924553481;3,19611512913389;1,0649367113333
"53";100;50;1;0;1;1;6,32;95,75;0,999924939495256;0,0999631451672461;0,000564848959163226;0,140999992956039;0,998274867745996;0,918229983136848;1,0045269629614;1,43913782749413;18,6301128277332;14,1543124917606;12,6023596878345;9,20511794442887;3,75724836266913;1,26965560177955;3,20373273201494;1,06858807216985
"54";100;50;1;0;1;100;6,32;95,75;0,999464034364093;0,0998753341149594;0,0017140971932757;1,42201786328428;0,995187889080503;0,9294185465922;99,8589311532697;123,599186657056;18,6254683845948;14,1392888541565;12,5312052262281;9,1344485672395;3,75643999541289;1,27072370201463;3,19693520205062;1,06225010731501
"55";100;50;1;0;1;4;6,32;95,75;0,999829350538817;0,0999641042500711;0,000734370233286606;0,282474377414778;1,00137104014704;0,954451962283916;4,00412292153502;5,00210553377109;18,7251928215338;14,2937146547585;12,546856507997;9,16162056598836;3,76492891838614;1,27983455914585;3,19735858924702;1,06573823111259
"56";100;50;1;0;1;16;6,32;95,75;0,999665648787851;0,0997495179553382;0,0014307019565219;0,564344562528265;0,999302155685358;0,939954355739315;16,0166543070332;20,8987794918476;18,6249558602519;14,2101037965903;12,5388649703323;9,14757859731838;3,75591611192349;1,27499258825713;3,19656948979751;1,06391254285279
"57";100;50;2;0;1;0,01;6,32;95,75;2,00021654756988;0,100530313583297;-1,69129483163057e-05;0,0140595891464917;1,00624984802953;0,98079892994852;0,00998236242611501;0,0123783526743911;18,6917095297785;14,2860828720445;12,5279569354025;9,1375026517348;3,76210728128955;1,27853613241644;3,19563429213593;1,06213937491379
"58";100;50;2;0;1;0,0625;6,32;95,75;2,00014586524563;0,0998239972000027;8,67480087610889e-05;0,0355519423047445;0,998953958968113;0,891571582345842;0,0628848987069778;0,0788973694007852;18,6697706540562;14,2431794733785;12,5900703210554;9,20470972489251;3,76019519712999;1,27554292582307;3,20200492605556;1,06943185785139
"59";100;50;2;0;1;0,25;6,32;95,75;1,99994694658024;0,100016386512246;-0,000112062601986936;0,0705790112349311;0,999769366542757;0,91970620395257;0,249479776247668;0,327426408570204;18,6017290997034;14,2208478406823;12,4824388295283;9,12347473669481;3,75379099960653;1,27582699986196;3,19044207416929;1,06154688923459
"60";100;50;2;0;1;1;6,32;95,75;2,00046001911313;0,100484171497846;-1,11547324315658e-06;0,14151357343569;1,0027928615214;0,906723204750077;0,999669844091335;1,23736451832332;18,6227183721406;14,1370472917116;12,5516825614641;9,16886689468136;3,75790905623918;1,2689995691216;3,19834111728501;1,06521469327907
"61";100;50;2;0;1;100;6,32;95,75;2,00016351764411;0,100105703727517;0,00232508555672026;1,41564961525638;1,00364004709835;0,965835134560146;99,9081382957632;123,322905577127;18,6857328020254;14,2176075538712;12,561431775665;9,16061465260816;3,76210650918133;1,27508425182878;3,19903930965431;1,06498957939751
"62";100;50;2;0;1;4;6,32;95,75;2,00014320540039;0,100171370142887;0,000882760830618666;0,285243045135942;1,00253255205119;0,935260483534473;4,04398284146897;7,12447221495347;18,7005395417612;14,2552908606687;12,5346315418027;9,16952413088854;3,76365347659036;1,27645128248497;3,19613523647663;1,06558232701129
"63";100;50;2;0;1;16;6,32;95,75;1,99993733826157;0,100402938927269;0,00268175593495489;0,567599739608098;0,999180071472367;0,912203738056584;16,0249461006474;19,7985020476166;18,6095841066603;14,2249540652233;12,5552845562962;9,15515600644473;3,75431151608263;1,27520787440102;3,19823504008529;1,0646525969286
"64";20;100;0;0;1;0,01;6,32;95,75;-0,0010175365782583;0,223648847850961;-4,04671340263624e-06;0,0100044494585686;1,0016274470502;2,93919012755142;0,00998522298292016;0,00936695768940437;6,76991169799957;5,11969921711911;18,5880499162112;14,1493311825147;2,46773197287299;0,839090144789951;3,75290078244085;1,26919532545548
"65";20;100;0;0;1;0,0625;6,32;95,75;9,96218076341447e-05;0,222916893735569;5,49681180438971e-05;0,0249835377866564;0,997883005146103;1,88955365932793;0,062561603550569;0,05851211973756;6,75862340210005;5,12854864969044;18,6255900338282;14,1937408168441;2,46592915277513;0,840393750399045;3,75700680991756;1,2721502643013
"66";20;100;0;0;1;0,25;6,32;95,75;0,000758526839579689;0,22410183515922;3,1406494418618e-06;0,0500590090989311;1,00387795399848;1,9864133561359;0,250206540693235;0,231618375315515;6,76109958170984;5,12573464018651;18,6252029038445;14,1496070022987;2,4659223346572;0,840539794121258;3,75689923000404;1,27081631249683
"67";20;100;0;0;1;1;6,32;95,75;-0,000796840581176713;0,224254526424424;-0,000121140330468917;0,100057303366346;1,00025567578869;1,90725966226971;0,994355701274339;0,879234408772047;6,78044543639225;5,1378163383118;18,5316326508458;14,083984381551;2,46937830919923;0,841199875447755;3,74799529696621;1,26532069554075
"68";20;100;0;0;1;100;6,32;95,75;-0,00154324785844696;0,22264733387957;-0,00227040845140095;1,0010380962436;0,987309955038581;1,92205370460889;100,054578085717;92,0591543796351;6,77996942414118;5,13205239120862;18,6690452415988;14,196670742801;2,46892744744179;0,841270636962535;3,76088888934659;1,27344702297236
"69";20;100;0;0;1;4;6,32;95,75;3,78292102470442e-05;0,22388177602686;0,000147372941440795;0,200410963419761;1,00029669022874;1,91976283260082;4,00082869342028;3,6179786880607;6,76251612489857;5,13389074178819;18,6761032982041;14,1643825985158;2,4660218808357;0,840933790686262;3,76227927674253;1,27012683438818
"70";20;100;0;0;1;16;6,32;95,75;0,000452352086980416;0,223192275055893;0,000204058666433426;0,400852431975716;1,00284314366041;1,93768937076412;15,9865839654587;16,2633155902004;6,77675101543284;5,13807777156008;18,622833497355;14,140547779825;2,46914736889735;0,841238966613574;3,75567112190866;1,26989475014288
"71";20;100;1;0;1;0,01;6,32;95,75;0,999770132319319;0,224127722223354;4,31417205585357e-05;0,00999774336846967;0,996295452258119;1,80421018445072;0,010038879366488;0,00921496358496272;6,76424990379907;5,12099427116577;18,6767856000136;14,2675045075224;2,4668617410773;0,839472077559835;3,76061199806123;1,27891277757946
"72";20;100;1;0;1;0,0625;6,32;95,75;1,0007448731403;0,223915026711466;-9,68882065909652e-05;0,025093858202307;1,00565005247005;1,93582470513179;0,0623981698665275;0,0596662483053504;6,80374322732447;5,13372249343046;18,643362241068;14,2392277386311;2,47313522153344;0,841283791268542;3,75736628149674;1,27551886994162
"73";20;100;1;0;1;0,25;6,32;95,75;1,0000553323183;0,222845123969681;0,000154393274605896;0,0501610779829105;0,996913290462441;1,93018843748434;0,251082126111395;0,253964312682477;6,74998791267778;5,11438427959028;18,6879028158465;14,2459459058451;2,4651567999029;0,838009904456044;3,76150140246983;1,2769816981623
"74";20;100;1;0;1;1;6,32;95,75;0,999306030984642;0,222835709385044;4,08427746933824e-05;0,0998286431249619;0,99586877398887;1,88872284045113;1,00111248440348;0,941937120335044;6,77871938602356;5,14181668318808;18,6236445756798;14,1974435060731;2,46908771943978;0,842278381800517;3,75701468796705;1,27293664410995
"75";20;100;1;0;1;100;6,32;95,75;0,99986848576878;0,224112446931955;-0,000969285779795745;1,00217483367271;1,00275640869044;1,93093617255564;99,9167643040453;93,8397986436356;6,78303105380323;5,13475009034063;18,5938874995533;14,1616480129215;2,4699888741727;0,840534689548125;3,75360069268348;1,27000565335468
"76";20;100;1;0;1;4;6,32;95,75;1,00068529377122;0,224026703157646;0,000107018674700639;0,199721999375296;1,00869476822298;1,96174478501281;3,98493614290804;4,24802027816667;6,77799904546149;5,11735742817069;18,4910051732674;14,0012352475976;2,46946931183641;0,838258357259858;3,74558653919959;1,25925393074319
"77";20;100;1;0;1;16;6,32;95,75;1,00086621548413;0,223887233766581;-0,000709171306833212;0,401115029074864;1,00830535371643;2,09518831023581;16,023209793821;15,52392135342;6,77368238826432;5,1391801511928;18,6582978593204;14,1398508599817;2,46763796311554;0,842212412891946;3,76131845804732;1,26893483950019
"78";20;100;2;0;1;0,01;6,32;95,75;1,99965327012575;0,222714148296867;2,35426228250883e-05;0,010004433574429;0,999092919222494;1,82424302321915;0,0100090476285382;0,00958073397832209;6,78207930214254;5,12741065202487;18,5959312736874;14,1486581424583;2,46929300798419;0,840563783623778;3,75360240695526;1,27019935763035
"79";20;100;2;0;1;0,0625;6,32;95,75;2,00107215122074;0,224648939304461;7,32189336649328e-05;0,0250282569137304;1,00506436131798;1,91257320757752;0,0626849438291039;0,057812539990269;6,76391853016817;5,13291134709255;18,6764999440838;14,2205927280673;2,46651039990717;0,841668356941286;3,76116198606635;1,27445987310585
"80";20;100;2;0;1;0,25;6,32;95,75;2,0002910223408;0,223732500027467;-0,000241530989132237;0,0499577467469444;1,00162221833982;1,91249714779328;0,248868579119486;0,243505066371518;6,77744052270721;5,12828227893763;18,529263259174;14,0331077780039;2,46898835284594;0,840658120578781;3,74836372329458;1,26210603904361
"81";20;100;2;0;1;1;6,32;95,75;1,99991485204255;0,224070658057989;-0,000126428800578113;0,0995557438737944;1,00014269866997;1,90481356177742;0,997508499373654;0,892374973003155;6,77453495955128;5,13556370051174;18,5857906282678;14,1471542742769;2,46779513893805;0,841438637491027;3,75346502532035;1,26965138412149
"82";20;100;2;0;1;100;6,32;95,75;1,99875280831858;0,22371762450592;-0,00401676246946656;0,99878064108676;0,994788498629885;2,01381746457701;99,6498755222767;89,4491081880362;6,76487486198916;5,11794399177119;18,6864922457983;14,2475184497752;2,46759117421205;0,838157509027293;3,7614885720718;1,27648029598434
"83";20;100;2;0;1;4;6,32;95,75;2,00049848636016;0,223604057502397;-0,000534008097057841;0,201076182926037;1,000794790413;2,01695508884012;4,00197061162774;3,70403965508671;6,76615578097274;5,12545491092494;18,6524468402224;14,2450771990673;2,4677232383194;0,839561789771908;3,75909863994553;1,27501776624435
"84";20;100;2;0;1;16;6,32;95,75;1,99868608920317;0,222665102278186;0,00121664414735144;0,400640082852722;0,990274972516724;1,80574319943958;15,9734042339529;14,2347084979579;6,75943162150426;5,11817690969396;18,6635325553232;14,225703153788;2,46620570848584;0,838667236361326;3,75902116961551;1,27452889558677
"85";20;20;0;0;1;0,01;6,32;95,75;0,000874577300466884;0,224448240501602;-1,29170086150013e-05;0,0223563618120965;1,00193580080305;1,78997259520303;0,0100172467845373;0,0199295515346182;6,78695187500704;5,12176990564245;6,77665722279129;5,12281605661192;2,47000788873961;0,839888071247415;2,46884596946524;0,840044151249637
"86";20;20;0;0;1;0,0625;6,32;95,75;0,00142827406191754;0,223655480607569;4,73207684797264e-05;0,0554518816215481;1,00621247476749;1,89080504747696;0,0618009961020341;0,107249865209428;6,7879765143259;5,13570712281346;6,76835571177705;5,12473444201735;2,46970897559769;0,842324046510918;2,46764856282009;0,839918989818257
"87";20;20;0;0;1;0,25;6,32;95,75;0,000370660995328736;0,22425598850175;-0,000645880974019007;0,111330298620223;1,004461642395;1,91917677288769;0,250035568155659;0,472113130241836;6,77840982265208;5,11874798062585;6,79619036567553;5,14289232394707;2,4700201471059;0,838019586126379;2,47231227713192;0,841941073567024
"88";20;20;0;0;1;1;6,32;95,75;0,000717300006940697;0,224488904588013;-0,000331212756275638;0,223797005978431;1,00297714994321;2,0597802414353;1,00589206952252;2,05919740632519;6,75870173993363;5,13094572965901;6,78494106521922;5,13315172415379;2,46583095584652;0,840891205869961;2,47011566950959;0,840990914171266
"89";20;20;0;0;1;100;6,32;95,75;0,000329418951490776;0,223404495170741;0,00866741853419363;2,23968661522968;0,999513373273853;1,95696983090171;100,506124003;188,442511612881;6,73975423801977;5,12235206223278;6,77382581360776;5,13661188945733;2,46230716629155;0,840829254420936;2,4681968543491;0,841748094412916
"90";20;20;0;0;1;4;6,32;95,75;-0,00136406966510761;0,221739345687204;-0,00123676577582725;0,445806885487087;0,987915091415029;1,79920909128836;3,98596847870707;7,73664437719455;6,74948307832245;5,11932500004176;6,78592437140834;5,13413074516722;2,46492411269209;0,83873685648709;2,47040810627717;0,840710307940561
"91";20;20;0;0;1;16;6,32;95,75;-0,000581540741261939;0,223565859148234;-0,000714802223239626;0,8915950379998;0,998585450065914;1,7977120850739;15,9162558483821;29,4370786826522;6,76761157694327;5,13004846393517;6,77845218820373;5,13739047140667;2,46710511004018;0,84137746386588;2,46875896730027;0,841534424645707
"92";20;20;1;0;1;0,01;6,32;95,75;1,00075429002727;0,225589910258939;0,000115228673305917;0,0225045236569415;1,01095680314628;1,94909610652471;0,0100334358366039;0,01919106732573;6,81115712636297;5,1261651029429;6,76138281679188;5,11646037587504;2,47463189457731;0,839755823097291;2,46648300099097;0,838644446662989
"93";20;20;1;0;1;0,0625;6,32;95,75;0,999818440507356;0,224172231705814;3,96499063592253e-06;0,055941981820332;1,00194972502761;1,86779392635827;0,0627286352694711;0,119062912126554;6,77048213428138;5,1312044697968;6,75855775497985;5,13795130607204;2,46769632698087;0,840750174919787;2,46519480064131;0,842735770453539
"94";20;20;1;0;1;0,25;6,32;95,75;0,999911609797732;0,223640976954105;-0,000165620742170573;0,111884835461216;1,00302846612309;1,89226038065206;0,250868893916004;0,587878998372333;6,76574234581398;5,11841074781012;6,76358459552438;5,12945510021035;2,46757668665102;0,838416445697508;2,46675803685085;0,840902479175556
"95";20;20;1;0;1;1;6,32;95,75;0,999818567029213;0,223789009064367;-0,00023759586645749;0,223685878455052;1,00001442109872;1,92977586237719;0,998970921577925;1,90314307494582;6,76491529557002;5,12378902663056;6,76133187103885;5,1140356870757;2,46687509319982;0,840502111049002;2,46697433246489;0,838094095325799
"96";20;20;1;0;1;100;6,32;95,75;0,999215596939171;0,222648433764816;-0,00143490893475721;2,23763138349396;0,996444378350096;2,05978980905852;99,1700570677771;173,546264355108;6,78781038052709;5,14456912359392;6,77096491213664;5,13013511188509;2,47018504593962;0,842753751044069;2,46721910127958;0,841354820672602
"97";20;20;1;0;1;4;6,32;95,75;0,999825736429674;0,224211893679569;-0,000928067108340797;0,445516696200265;0,998798216004299;1,94618647203681;3,97562813126973;6,92261641829844;6,7767313890777;5,1273124811056;6,80056443318474;5,13185114922403;2,4689070987447;0,84033373151748;2,47295268714773;0,840531637310943
"98";20;20;1;0;1;16;6,32;95,75;0,999953096197683;0,224585341925733;-0,00295181408037253;0,894166109157749;1,00327811176916;2,09223218316392;15,8793746849703;37,8133340351431;6,74848585102147;5,13629404393218;6,78503842229348;5,12338217225661;2,46349475080799;0,842428921060789;2,4705888557469;0,838925275401282
"99";20;20;2;0;1;0,01;6,32;95,75;1,99895167017475;0,222604525557029;-1,57612962679145e-05;0,0223531854493582;0,991189858093189;1,84454287172937;0,00999898008260872;0,0181572796554742;6,77094009252638;5,13125663033287;6,78458116501703;5,12362779060167;2,46793183082741;0,840590976932898;2,47070087987182;0,838826206912117
"100";20;20;2;0;1;0,0625;6,32;95,75;1,99939786058713;0,222046883158338;8,55580520475983e-05;0,0558131059767149;0,991648693442265;2,13464042901602;0,0625498049841449;0,119047738915972;6,75036154477276;5,11278237329739;6,78379247316374;5,13592423337816;2,46490102581485;0,838470172147718;2,46906587912184;0,842435578508323
"101";20;20;2;0;1;0,25;6,32;95,75;1,99979982651762;0,221685708615744;-2,95354847647436e-05;0,111359318894111;0,990804986000637;1,87906625408292;0,24934748650086;0,507931859980633;6,73194936601577;5,10310690197388;6,76039057931589;5,12290452672584;2,46207044083034;0,83672440025324;2,46670827384865;0,839586573295977
"102";20;20;2;0;1;1;6,32;95,75;2,00105468462449;0,224109899031771;0,000302246928609621;0,223610813641365;1,00246908193692;1,89176834970198;0,995389942062423;1,7868969629398;6,75702278350588;5,11541586524173;6,74511563198782;5,13147073380568;2,46658383141711;0,837661787023451;2,4633726196762;0,841030377639679
"103";20;20;2;0;1;100;6,32;95,75;1,999586825659;0,223140789134053;0,0102116757391626;2,25101367216762;0,998366255285108;1,88665250454541;100,910464664895;197,039828820797;6,78692941612353;5,13214382111653;6,77989273147699;5,13686765314156;2,47066482465225;0,840037882543188;2,46966725167836;0,841000759260869
"104";20;20;2;0;1;4;6,32;95,75;1,99916647904484;0,222848993411791;0,00246305562944586;0,446148880789069;0,992537604765583;1,80094014334306;3,99911553791652;7,03366912094611;6,7720254605384;5,11893287961316;6,76312940168458;5,11876141064147;2,46757893610589;0,838855930350092;2,46688904081816;0,839279152021609
"105";20;20;2;0;1;16;6,32;95,75;1,999815407322;0,223595757591341;0,00129787042952317;0,893173931078955;0,993822207257138;1,77947969869418;15,9389245806415;29,5713922138702;6,75417480652394;5,11068902327775;6,77969311405201;5,13355812820992;2,46573434191847;0,83718874044455;2,4686895633098;0,841843320020235
"106";20;20;3;0;1;0,01;6,32;95,75;2,9992295887759;0,223838129094755;-0,000123672582913532;0,02230447813497;0,997782234404534;1,90738494366875;0,00993314756230779;0,0190895195235215;6,75974003548285;5,12383622525274;6,78807241932606;5,14315310223945;2,4663169408149;0,840230831780277;2,47020748348919;0,842440696724764
"107";20;50;0;0;1;0,01;6,32;95,75;0,00029307569065567;0,222994422860598;-3,10559021128632e-05;0,0141403414925066;1,00182106944315;2,00622403543566;0,00998142891218264;0,012822133018431;6,78326186130891;5,13863734015267;12,5452926053248;9,16705090994714;2,46931168023248;0,841797035126096;3,19647061348148;1,06653070533925
"108";20;50;0;0;1;0,0625;6,32;95,75;0,000157641446916573;0,222949238373655;-1,4614469066047e-06;0,0355576792702642;1,00037237098585;2,01690784852231;0,0624786866938883;0,0808207118338556;6,77893351406897;5,12074184418782;12,5320427976083;9,13444944025936;2,46983884798399;0,838943152380788;3,19568115498852;1,06306302457918
"109";20;50;0;0;1;0,25;6,32;95,75;7,20694824959887e-05;0,222769111015087;-0,000453279970965904;0,0703601585369056;0,99769386178485;1,74698096876042;0,248445766484384;0,354164938743113;6,77394337233533;5,12724532119747;12,5104925793795;9,14767856570164;2,46841116289191;0,840412468060657;3,19269765445492;1,06370008203324
"110";20;50;0;0;1;1;6,32;95,75;0,000471418458949384;0,223472186004008;0,000100368944491117;0,142085293095266;0,996892044127736;1,78245883968792;0,999978714806655;1,28396872795394;6,76723200815189;5,12978011307575;12,5189562007145;9,12392642519031;2,46700719647115;0,84054444920477;3,19483511740521;1,06142036649734
"111";20;50;0;0;1;100;6,32;95,75;-0,000466902369782497;0,222296413650905;0,00198052659890461;1,41702215700122;0,993149722398069;1,80808518200157;100,41951356071;137,177799928747;6,75377281808876;5,11310142261705;12,5527621913363;9,16049379257215;2,46534704930527;0,8381933470476;3,19894380266357;1,06434573429065
"112";20;50;0;0;1;4;6,32;95,75;0,00128777969282289;0,224143567986596;-0,0010386744900227;0,282914561440096;1,00302197449809;1,82293793831391;3,99085168233375;5,21264095060867;6,75931056000875;5,12060877751091;12,555191990482;9,15267079063866;2,46636272928975;0,839169777108094;3,19888645006506;1,06389157815208
"113";20;50;0;0;1;16;6,32;95,75;0,00137201821054321;0,225288665260277;-0,000586973967143317;0,567131608662402;1,01408251050095;1,92394615303906;16,0385171556461;20,8195463209771;6,77989956090675;5,13466942441492;12,5851193801151;9,17753681712081;2,4693465895607;0,840615525867517;3,20224817053476;1,0660564711728
"114";20;50;1;0;1;0,01;6,32;95,75;1,00010807681223;0,224448198539087;-4,16902878115539e-06;0,0141108075882044;1,00357352337658;1,81888578063183;0,00997966421172195;0,0126494670746516;6,78655688943071;5,13040488240483;12,5312855925362;9,13748758360962;2,47039533828516;0,840684945124691;3,19638715261956;1,06249040653984
"115";20;50;1;0;1;0,0625;6,32;95,75;0,999550711852505;0,223392276176337;-1,65096060850532e-05;0,035311306837719;0,997331264171173;1,86605032854795;0,0622718878809605;0,0817887302342042;6,77173038285375;5,12796932701136;12,5395313199385;9,16500788515889;2,46815983276719;0,8400050836227;3,19631826959323;1,06527850959925
"116";20;50;1;0;1;0,25;6,32;95,75;0,999512842792482;0,22426017301428;-7,07078852678405e-05;0,0707616402414838;1,00042777177633;1,85228897509593;0,250063914854856;0,370487224976848;6,76571088675979;5,12613750927255;12,5284468690696;9,12722462493389;2,4664051998059;0,840845128471401;3,19577128494551;1,06181470386942
"117";20;50;1;0;1;1;6,32;95,75;0,999828082151336;0,223180291164042;0,00139441594292916;0,141935888675953;1,00184332279584;1,95465687692704;1,00697661718005;1,25267002620838;6,77196278941647;5,14929510153084;12,5816464252207;9,2215892671139;2,46730731519041;0,84461861859618;3,20095497241104;1,071045611842
"118";20;50;1;0;1;100;6,32;95,75;0,998694570855962;0,223230173018606;-0,00123061825958832;1,41130316483563;0,993710229266318;1,8191430084095;99,5787500500186;122,388707677347;6,779260191496;5,13506047170987;12,5600168080948;9,18440364901193;2,46933254827298;0,840745868970502;3,19884777688337;1,06642633430483
"119";20;50;1;0;1;4;6,32;95,75;0,999058381535717;0,222353352604768;0,00239049284899406;0,284692740604758;0,997365633473589;1,90755172193608;4,0376778272139;5,06622754373982;6,80189869830731;5,15001901926905;12,5840263379611;9,20215876430327;2,47237822828528;0,84361224577317;3,20151264048712;1,0701020071573
"120";20;50;1;0;1;16;6,32;95,75;1,00004480320961;0,222276078521867;0,00181880797315976;0,567973941598819;1,00017978414508;1,84474040924889;16,0874966937769;21,9849667071781;6,75648233397034;5,1223298571397;12,5561896893227;9,13873391297752;2,46606458783719;0,840146768251477;3,19925658633053;1,06240258401442
"121";20;50;2;0;1;0,01;6,32;95,75;1,99934160165927;0,222251279148389;-5,26472545018091e-07;0,0141424905064167;0,996433563607155;1,94954193522733;0,0100521530964409;0,0131166092240528;6,78527591012426;5,14298642431492;12,5498141106775;9,19496400809812;2,46993423176443;0,842528563373524;3,19786117470384;1,06744799396945
"122";20;50;2;0;1;0,0625;6,32;95,75;2,00101098875209;0,224287375312202;0,000200757150351339;0,0354359052397107;1,01358594845466;2,04090141921668;0,0626402568758351;0,0918434817623008;6,7896333552968;5,13526428172022;12,5522110742943;9,09671866137673;2,4707580846274;0,841349842450097;3,19900235671287;1,05903473776049
"123";20;50;2;0;1;0,25;6,32;95,75;1,99952754035391;0,223050460621037;-0,000182056330523766;0,0709160488048699;0,996519212882222;1,79350054042197;0,250747270150516;0,337999147095048;6,77399126489806;5,13077818043339;12,5797598757305;9,19054796576435;2,46787411665206;0,841189311348196;3,20106977890224;1,06782281073961
"124";20;50;2;0;1;1;6,32;95,75;2,00025716033869;0,223754457740936;0,000453689397209966;0,141521640009667;1,00350290856712;1,96598583422624;1,00123591746781;1,2668322832834;6,76360785122205;5,12636360907824;12,5649474116949;9,14385547621491;2,46705763306563;0,840130837439314;3,20025459434897;1,0635723423529
"125";20;50;2;0;1;100;6,32;95,75;1,99924742802292;0,221913733082634;-0,00131267550077512;1,41134138119184;0,993923768016518;1,85566662402984;100,248105169466;130,770729393228;6,7706442242846;5,12970007259648;12,5835785847327;9,21306953844202;2,46711300069497;0,840919459181541;3,2015279727646;1,07005194552368
"126";20;50;2;0;1;4;6,32;95,75;1,99875004812695;0,222471399861473;0,00113563516860191;0,283879471585687;0,991198842687904;1,90641776322709;4,00635358390044;5,13076876088987;6,73380533143148;5,11358978781032;12,4839156485337;9,10945015183706;2,46224046651288;0,838515417334609;3,1902039931344;1,06039625609117
"127";20;50;2;0;1;16;6,32;95,75;1,99942163740709;0,222415499544511;0,00375640142469464;0,564656739689507;0,99353557686445;1,88363430559388;16,0649151315784;20,3052671818708;6,76474866525489;5,12492042079423;12,5360305190745;9,15598169867773;2,46638710722901;0,840758113100848;3,19617253645552;1,06497005668311
"128";50;100;0;0;1;0,01;6,32;95,75;-0,000545319488523433;0,141250910025723;3,53440088315225e-05;0,0100546380692714;0,996847248527937;1,26809625281274;0,0100921945753148;0,0116001502689401;12,5454754909507;9,19196362586171;18,6566516801104;14,1936586525022;3,19641938613249;1,06885983426802;3,76079451404139;1,27270460667788
"129";50;100;0;0;1;0,0625;6,32;95,75;0,000307936906825825;0,141345547548492;-4,8209699226059e-05;0,0250281837439966;0,998589044934515;1,24664729435526;0,0624469036625073;0,0572508305452765;12,5385464085441;9,14281433854164;18,6367076145598;14,2111600436775;3,19696164069396;1,06304002581296;3,75738981382394;1,2744441952897
"130";50;100;0;0;1;0,25;6,32;95,75;-0,000828903006970171;0,141088154799354;-0,000224708486685417;0,0497791709617966;0,99286327084178;1,25826488579138;0,248938866178097;0,231753897313456;12,5231530979951;9,14635543858601;18,6052382639822;14,1460707092677;3,19468918506317;1,06392314284524;3,75486424936366;1,26816867354578
"131";50;100;0;0;1;1;6,32;95,75;-0,000116200658700353;0,141302671091954;-8,94133255319079e-05;0,100273831410978;1,00127207437928;1,24262967215489;1,00120886477445;0,991395664902657;12,5837105606332;9,21481546554348;18,6899523660007;14,2155609364848;3,20076050308128;1,07005317557458;3,76212692364462;1,27397041993025
"132";50;100;0;0;1;100;6,32;95,75;9,61546439404511e-05;0,140815731679095;0,00425838237102106;1,00177568938907;0,997558304152372;1,24048094503861;100,354834547489;94,9367923679273;12,5245925985582;9,14843609942364;18,6719666350497;14,2534827396655;3,19524015927782;1,06379475138065;3,76072426546066;1,27721466258069
"133";50;100;0;0;1;4;6,32;95,75;-0,000522245343977439;0,141580325353093;-0,000111745386979395;0,200543475581015;0,997562116398684;1,30647403876146;4,00147683014733;3,62203114364721;12,5422626074956;9,16562200706792;18,6554827268904;14,1433215263167;3,19636931025183;1,06565768877617;3,76065787094951;1,26885433414494
"134";50;100;0;0;1;16;6,32;95,75;-0,000332546382731377;0,141162743583135;8,31267882185849e-05;0,400043685108946;0,998958852273483;1,23434650947196;15,9927668652864;14,8848768733311;12,5368533087451;9,18359211777897;18,6261464755224;14,1556444998329;3,19634778706097;1,06719582735201;3,75668130923299;1,26938619561985
"135";50;100;1;0;1;0,01;6,32;95,75;0,999319592799223;0,140862688744357;1,40911294153994e-05;0,00999516304277552;0,99308136414316;1,24375067290503;0,0100028371478148;0,00936985865432351;12,5120228349505;9,13645588267489;18,5967902514645;14,2307406950974;3,19387527710568;1,06220683685162;3,75301327943389;1,27552087583278
"136";50;100;1;0;1;0,0625;6,32;95,75;1,00022482786626;0,141861436640812;2,67156351050157e-05;0,0249372047219138;1,0010098234082;1,31917974812556;0,0623682148545024;0,0575293787719541;12,5602615202054;9,18782382960304;18,5883097313159;14,1425127830763;3,19903667293475;1,0670953262152;3,75424678774919;1,26776829789882
"137";50;100;1;0;1;0,25;6,32;95,75;1,00063140442114;0,141846841740552;-0,000119685997794139;0,0498599819112429;1,00611679295121;1,3198656197231;0,249839263587247;0,241585846283971;12,5338544935163;9,19603980717055;18,60570269379;14,1761401540087;3,19564038721945;1,06905826995055;3,7553581816735;1,2714118374293
"138";50;100;1;0;1;1;6,32;95,75;1,00018549999314;0,141295968351522;-0,00020507794401181;0,10004812200049;0,998133765353116;1,20545799683331;1,00159413345073;0,973369397708657;12,5716481964788;9,20451851990084;18,6818356804429;14,2364105964427;3,19956435828206;1,06976773146496;3,76154827203806;1,2756888820439
"139";50;100;1;0;1;100;6,32;95,75;0,999668485261959;0,141393972937985;0,000744590609834509;1,00270151213087;0,999180340405231;1,30621355521902;100,525524082791;109,335855205773;12,5646993383273;9,16809202970344;18,614123335056;14,1356238462863;3,19961829260797;1,06574212898857;3,75639318032598;1,26872952432263
"140";50;100;1;0;1;4;6,32;95,75;1,00016314856845;0,141526455100864;0,000357717571745161;0,199583497816882;0,997962811107983;1,2253317604338;4,00081493631672;3,73113204833023;12,5352482349264;9,14479973179168;18,6273729794982;14,138972937101;3,19621725332964;1,06336544686177;3,75679597220057;1,26959754266907
"141";50;100;1;0;1;16;6,32;95,75;0,999214009250671;0,141402704188954;-0,000342973407278041;0,400778033919391;0,994191434673374;1,26305915678281;16,0643847213897;16,3852780049405;12,5226199427114;9,16184139333687;18,6962095838236;14,2773687272094;3,19430126738613;1,06460370328347;3,7623610778644;1,27966595149117
"142";50;100;2;0;1;0,01;6,32;95,75;1,99950127948702;0,141295801116979;-8,09137735862587e-05;0,00997895238633653;0,997272469711039;1,3604945506142;0,00993063179994456;0,008970875325115;12,5136646824411;9,13266235097882;18,5890936432881;14,0862487308712;3,19432825153937;1,06167124401533;3,75405636193361;1,26470121896941
"143";50;100;2;0;1;0,0625;6,32;95,75;2,0000029270478;0,140872011547885;-9,82136895749466e-05;0,0250323848401434;0,996318813730528;1,22516895621871;0,0626663880491089;0,0596215203626496;12,5370863656337;9,1713670054436;18,7015894713459;14,2548111617372;3,19611490099352;1,06641783360762;3,76379922420753;1,27613182284074
"144";50;100;2;0;1;0,25;6,32;95,75;1,99992696924789;0,14107890175384;0,000227983101515051;0,0500438124997898;0,997404846413847;1,34655414194724;0,250201487334512;0,228607540686711;12,5701933897145;9,13982251862932;18,6113209069372;14,1555081296159;3,20086874697344;1,06226920564792;3,75546903425013;1,2699349509219
"145";50;100;2;0;1;1;6,32;95,75;1,99940389318553;0,141885792035807;-3,88020445740503e-05;0,0998928572115476;0,995092073123899;1,25427075946342;0,998106227714964;0,913617498209815;12,499277916121;9,12187732790947;18,5882947036173;14,1460785427509;3,19198856598352;1,061980679483;3,75386162371417;1,26956189723915
"146";50;100;2;0;1;100;6,32;95,75;2,00073005074741;0,142479304450389;0,00580980401847665;1,00302473650253;1,01467456192095;1,49681305629863;100,221988068904;93,3069188813297;12,552166075535;9,18778057373709;18,5857663739161;14,1068721082225;3,19768848627033;1,06730137108204;3,75360858022374;1,26683016536509
"147";50;100;2;0;1;4;6,32;95,75;1,99968904754183;0,141598595414772;0,000344799850469201;0,200070872890823;0,999521283555248;1,3361472556689;4,01479236819748;3,82483735680301;12,5253772404447;9,13952802024226;18,6173960523937;14,245640619987;3,1955553271638;1,062516961448;3,75508002339766;1,27693441051322
"148";50;100;2;0;1;16;6,32;95,75;1,99932539727806;0,141536066215745;0,000453758598430381;0,401944992179335;0,99633965712759;1,27251017760756;16,0346912103961;14,7590242228557;12,498432095998;9,13119682131702;18,6579081076804;14,2303847700312;3,19169865648379;1,06193972695931;3,75918888312631;1,27536521693685
"149";50;20;0;0;1;0,01;6,32;95,75;-0,000341985055399256;0,140906820274375;6,54724515679994e-06;0,0223821112919841;0,991563695421304;1,22388816894761;0,0100409165008242;0,018786006534851;12,5124433223617;9,11697148146564;6,76427165407435;5,1353060819363;3,19379721325747;1,06076355785246;2,46655302317281;0,841758271552411
"150";50;20;0;0;1;0,0625;6,32;95,75;-6,03484579182008e-05;0,141122630115326;-6,43541172424749e-05;0,0554584031011325;0,998917117283093;1,26355825106852;0,0622014340740479;0,113614298333973;12,5450652934179;9,16122704381494;6,77754364370576;5,13482201691829;3,19706091433049;1,06555836560323;2,46944132617501;0,840452504636459
"151";50;20;0;0;1;0,25;6,32;95,75;-0,000674731661386575;0,14066482330622;-3,59439527434073e-05;0,111786867138158;0,994565923023154;1,21441421093753;0,24909670266808;0,467285552748262;12,5730182105338;9,18783874985563;6,7662184625805;5,12048000592985;3,20065502727281;1,0682153329666;2,46652461844094;0,839264858737244
"152";50;20;0;0;1;1;6,32;95,75;0,000784665307330806;0,141397030271392;5,2020939116748e-05;0,223718235254224;1,00595745920258;1,27929971507962;0,99903604515116;1,91138488372681;12,55881855908;9,18605064348706;6,76721172693727;5,12133201309264;3,19900693891887;1,06694727448134;2,46783285596071;0,839753081789594
"153";50;20;0;0;1;100;6,32;95,75;-0,000305184040038449;0,141150082021868;0,0115969070758037;2,2450580078143;0,99513226469215;1,27907201343629;100,726023639648;193,999199218233;12,5032784155747;9,12680074930017;6,7828648252258;5,13288840857193;3,1927344603979;1,06179101667693;2,46999897623202;0,840851041111937
"154";50;20;0;0;1;4;6,32;95,75;-0,000263171871624701;0,141644097491008;0,000369192072195125;0,448729678350602;0,995312112995282;1,25624670161065;3,99536921199521;7,32042247770322;12,5006024525541;9,11249018825639;6,76536523017316;5,1357679949899;3,19230610738825;1,061229348133;2,46653025674807;0,84158287585174
"155";50;20;0;0;1;16;6,32;95,75;0,000145230659305493;0,140915929473315;-0,00170770128493855;0,895208821543778;0,996556337665957;1,25510697373139;15,9697472348989;28,7949576589897;12,523013047631;9,13691353704241;6,76705443350558;5,11840174964883;3,19519673421104;1,06202220142975;2,4672571776802;0,839587054339169
"156";50;20;1;0;1;0,01;6,32;95,75;0,999948143625998;0,141748000566275;-4,33659068295552e-05;0,0222874094808385;1,00059228052949;1,35696602599528;0,00998413146821213;0,0190164863941049;12,5373080819483;9,13445672676868;6,77229997791071;5,1326191611409;3,19679709428466;1,06259952075143;2,46802711317894;0,840701330467827
"157";50;20;1;0;1;0,0625;6,32;95,75;1,00002851648923;0,141034090237036;-0,000372632728899357;0,0558418325887733;0,996846294868048;1,25422661441938;0,062154207014955;0,112283592518217;12,5027379710307;9,14905755577752;6,78291295157191;5,1367226251063;3,19207316084981;1,06425223626238;2,47014881742977;0,840848579000192
"158";50;20;1;0;1;0,25;6,32;95,75;0,999771028517265;0,1406733532835;-0,000601008262339403;0,111366575965802;0,992084086918206;1,19802737708577;0,246726924455134;0,508917610643621;12,5030665612591;9,11958190821347;6,745434955695;5,10680564946698;3,1923898956326;1,06060638119645;2,46364771055911;0,838214945616682
"159";50;20;1;0;1;1;6,32;95,75;0,999969517033072;0,141929946394488;-0,000854234914927648;0,223169836881552;0,999605473220851;1,27056813094559;0,994427010286234;2,11409655956129;12,5665585367933;9,14364075132083;6,75091192824819;5,11785666399219;3,20024704001087;1,06305552273934;2,46448107348627;0,839299845274441
"160";50;20;1;0;1;100;6,32;95,75;1,00023428032242;0,142021508752889;-0,0010153510284007;2,23105506272059;1,01010157824764;1,43208410900032;100,158943815742;191,274925091798;12,5767383220881;9,23313126822361;6,79006170976633;5,14260750761509;3,20021548858233;1,07081692607413;2,4706648345256;0,842397299907727
"161";50;20;1;0;1;4;6,32;95,75;1,0007301614432;0,141672810810423;0,000494140457346765;0,446837873438454;1,00798798069436;1,34283606925928;3,99321583793719;7,5067980129753;12,5802714430119;9,18503668318919;6,7641012242572;5,12342649337393;3,20176936283199;1,06672491846096;2,46726695360139;0,839335226371829
"162";50;20;1;0;1;16;6,32;95,75;0,999382481410097;0,140998539757902;-0,00362315253356585;0,891838852082065;0,99417080289188;1,22856559940884;15,9242781672469;28,872966254269;12,5374347136361;9,12932528524237;6,76722178290233;5,12137168389413;3,19704097980115;1,06176938630685;2,46745353317939;0,839303147619244
"163";50;20;2;0;1;0,01;6,32;95,75;1,99902337310521;0,141140164609777;5,92633281916206e-06;0,0223189366512902;0,998172596683028;1,34384435078919;0,00999149626037753;0,0183800920466182;12,553728482429;9,17497980226998;6,77230655819554;5,12444193031118;3,19840296568578;1,06622844179857;2,46831820702217;0,83999426166116
"164";50;20;2;0;1;0,0625;6,32;95,75;2,00004392975119;0,14175256436663;0,000108964120929847;0,0561512085897851;0,999189559677134;1,43824499112018;0,0627455978269631;0,12330580600038;12,5105798012296;9,09306431536067;6,75287923910573;5,13243555017458;3,19471117024648;1,05776668385251;2,46485877437828;0,840995648572591
"165";50;20;2;0;1;0,25;6,32;95,75;2,00022272611963;0,14077531308682;-0,000619780101921846;0,111498525669514;0,997097315537576;1,23268405135573;0,248274323691306;0,449283282843532;12,5617600363177;9,13575194495222;6,77848693213952;5,13859539705333;3,199487273684;1,06182932465026;2,46832925149054;0,841958302961815
"166";50;20;2;0;1;1;6,32;95,75;2,0004761803782;0,141690018223159;-0,000315556795636053;0,223136394974913;1,0012960220191;1,26585848558257;0,992499195148086;1,74752836102818;12,5215685927409;9,14290069953257;6,73588270049459;5,11848413659958;3,19421376116175;1,06325224394121;2,46222650382745;0,839389349280456
"167";50;20;2;0;1;100;6,32;95,75;1,99850612660356;0,140683528720812;0,00453211088398228;2,23964798465443;0,99212320362983;1,24712806921409;100,665557592722;195,569126260736;12,5519765113975;9,17571138246007;6,794156138169;5,12397928025549;3,1985682951203;1,06586424144918;2,4724733966801;0,838917834000825
"168";50;20;2;0;1;4;6,32;95,75;2,00013037408332;0,142037915934766;0,000735622681721214;0,446960630923507;1,00377106907433;1,34202527864639;4,0137049746294;9,16094648649026;12,5393012815699;9,13273756045882;6,78563344566701;5,1303570203055;3,19749507666519;1,06200048385947;2,47025700931703;0,841138721204907
"169";50;20;2;0;1;16;6,32;95,75;1,99991049592916;0,141384301436398;-0,00374751064752782;0,886803288926103;0,999210631733081;1,39463260649869;15,8846938333013;29,7874690538156;12,5307808300579;9,14595588309746;6,77293238179019;5,12767630274956;3,19597703189326;1,06460529118553;2,46857654825917;0,840406059245928
"170";50;50;0;0;1;0,01;6,32;95,75;-0,000610692763298087;0,140938832238011;-1,19409999486717e-05;0,0140721323002645;0,993432435222625;1,27036850873947;0,0099657975183561;0,0121347973187201;12,5103015689527;9,13814585737986;12,5602100873306;9,16388379940591;3,19277024028408;1,06360639138623;3,19950893605807;1,06481868138411
"171";50;50;0;0;1;0,0625;6,32;95,75;-0,0001499574506058;0,141069063601118;0,000154204086652476;0,0354249243722829;0,993565903615743;1,25118903485433;0,0627601498944304;0,079585846638226;12,4562335854538;9,07870151655412;12,5758999708428;9,17403193350179;3,18803096509064;1,05704073304456;3,20105266824206;1,06528540617465
"172";50;50;0;0;1;0,25;6,32;95,75;0,000327574662864136;0,141956938266898;0,000380157459025748;0,0712516624190477;1,00405004292215;1,43320810474615;0,251412460933627;0,316795274267574;12,5146271344998;9,13199287124733;12,5375476972087;9,16697221089162;3,19370216984268;1,06274056755289;3,19659673605921;1,0651868448799
"173";50;50;0;0;1;1;6,32;95,75;0,000561353725516409;0,141468420922202;-0,00080904510945904;0,140521673424698;1,00540689387566;1,23694595544763;0,992509742323525;1,2267309327737;12,5632118104395;9,17102405628194;12,482197042509;9,11894504973355;3,20029135907936;1,06574488708634;3,1902206769139;1,06123963012084
"174";50;50;0;0;1;100;6,32;95,75;-0,000155482941625052;0,14118630377266;-0,000776950334777843;1,40915041824078;0,998771435156477;1,36554148204103;99,9682675911265;124,744570358157;12,5280939374982;9,12259169987144;12,5438384277445;9,17669118368459;3,19569948218789;1,06147002651623;3,1972417366001;1,06610118603619
"175";50;50;0;0;1;4;6,32;95,75;0,000192328296940275;0,141586100744542;-0,000982613422524028;0,281427832162117;1,00370212416222;1,39416100734186;3,97961911012437;4,93983949354521;12,5588862592715;9,16354388874857;12,5274309775888;9,13677301386118;3,19914182253671;1,0649227243548;3,19622857636075;1,06254834958941
"176";50;50;0;0;1;16;6,32;95,75;0,000330935310960346;0,141306973984542;-0,00254572398727823;0,566953415920881;0,99697363318322;1,19002243423747;15,9451415235286;21,9249045895103;12,5306569595654;9,13272579715374;12,4999763158795;9,13465543138868;3,19563220702856;1,06246770299303;3,19248474991185;1,06245797101205
"177";50;50;1;0;1;0,01;6,32;95,75;0,999819223063274;0,142008579667868;-2,18535700011953e-05;0,0140833777363155;1,00323020987139;1,28577651382789;0,00996631126425119;0,0126075738235543;12,5312577352838;9,18860622607166;12,5584166890959;9,14528185772444;3,19490418134186;1,06770348071309;3,19988255534828;1,06269977903821
"178";50;50;1;0;1;0,0625;6,32;95,75;0,999713931568926;0,141273003778494;-0,000106823569321932;0,0349924407575166;0,994100349617568;1,23184268999705;0,0623142461772473;0,0824379052369503;12,5312922451854;9,11714434671884;12,5686009289484;9,16005803005263;3,19558401429217;1,06128135870854;3,20047513472437;1,06445368437334
"179";50;50;1;0;1;0,25;6,32;95,75;0,999234666463029;0,14061605451207;0,000237138456317849;0,0711495366402788;0,99305994618292;1,26167046538187;0,250614485479737;0,308507407053773;12,5615663635463;9,14813966419006;12,5219895657999;9,12755763399836;3,19871356094361;1,06416155325124;3,1962329798577;1,06148761840844
"180";50;50;1;0;1;1;6,32;95,75;0,999809742889463;0,141233771370422;0,00056995007702425;0,141914620883256;0,994831138716954;1,29270136047206;0,999303921279022;1,29380140553892;12,5273405810881;9,15576984044886;12,5231226217511;9,14036782914088;3,19511464912555;1,06411750632328;3,19438178089546;1,06313024174035
"181";50;50;1;0;1;100;6,32;95,75;0,999353310276185;0,141939546259135;-0,00188066891620149;1,40550093755695;1,00342136183864;1,52352949548057;99,6224416499792;118,385462031793;12,5507774569042;9,20222619678193;12,5522062300181;9,13472736615135;3,1967054222889;1,06913993495943;3,19900966178222;1,06264223782913
"182";50;50;1;0;1;4;6,32;95,75;1,00020193612363;0,140898614610706;-0,000372002667038696;0,28268814038116;1,00154163493261;1,31170147467898;3,99410659921774;4,86491669290718;12,5826680573915;9,18698197864105;12,5682574346395;9,19791809306834;3,20159092998205;1,06768676071009;3,19972445223582;1,06802853381835
"183";50;50;1;0;1;16;6,32;95,75;1,00035444726878;0,142006384952943;-0,001545586918777;0,564381913101257;1,00555595182549;1,50671281584007;15,9728062880067;21,7876515652927;12,5281193585961;9,15464595716204;12,5123953383437;9,14124570056866;3,19499413847844;1,06424423706107;3,19343117501078;1,06394945015528
"184";50;50;2;0;1;0,01;6,32;95,75;2,00015919114074;0,141139943698298;3,20101277295666e-05;0,0141623000850866;1,00085676055839;1,28151275148786;0,0100337517726581;0,0136540457299387;12,5685196236013;9,17478578097907;12,5597731180134;9,15967503766408;3,20043095728874;1,06613287164645;3,19962281174886;1,06456965888086
"185";50;50;2;0;1;0,0625;6,32;95,75;2,00018050565556;0,141028454910475;-0,000180884330865617;0,0351001554742611;0,999182070539284;1,29720646584732;0,0621924390595504;0,0795598651007359;12,5505933314555;9,1589742595405;12,5808903833289;9,16784789041001;3,19857339490909;1,06440228335271;3,20192236091114;1,06438710037428
"186";50;50;2;0;1;0,25;6,32;95,75;2,00086080302562;0,142616041936381;2,84967709793521e-06;0,0705878995581157;1,01078844707524;1,34838357404842;0,250755490478845;0,321409558258419;12,5797130850407;9,15216999362334;12,590176745152;9,21292462608502;3,20194109211133;1,06425778365127;3,20179337895328;1,07059580451472
"187";50;50;2;0;1;1;6,32;95,75;1,9992468368265;0,140951669791773;-0,00100168744240042;0,141127696260184;0,998608624827106;1,27720136828258;1,00149927800706;1,45218293802186;12,5325410123607;9,16048808317405;12,5796323715432;9,21275854754625;3,19604026151731;1,06540562644887;3,20024708519139;1,07000647960059
"188";50;50;2;0;1;100;6,32;95,75;2,00010846466567;0,14110324889459;0,00389181932489387;1,41975369773738;1,00610083291791;1,42588947639857;100,543827065718;138,39745916272;12,6040857809415;9,18764688573811;12,5390728554082;9,14428632215703;3,20414837898512;1,06706486721522;3,19714132256016;1,06251434634212
"189";50;50;2;0;1;4;6,32;95,75;1,99959212508525;0,141589866195721;-0,000851159694365296;0,282558757295179;0,998428258253844;1,29536874858326;3,97791935046796;5,06053492205653;12,5484499197004;9,15834042544689;12,4898011216209;9,12323027096136;3,19731029799431;1,06428331578679;3,19087664347364;1,06157412434281
"190";50;50;2;0;1;16;6,32;95,75;2,00086646603448;0,141888850073804;0,000116840199844276;0,568234870162129;1,00574174716368;1,34114870755877;15,9961047003375;19,7355965533717;12,5091706583292;9,17400555403366;12,5691537842796;9,17638001075654;3,19196959118423;1,06670985937895;3,19929173146913;1,0662004135009
