"conf.level";"n1";"n2";"m1-m2";"sd1/sd2";"p_Cohen_NH0";"p_Shieh_NH0";"p_transfoshieh_NH0";"CICohen_vs_Student";"CIShieh_vs_Welch";"CItransfoShieh_vs_Welch"
"1";0,95;100;100;0;10;0,9834;0,98377;0,98377;1,00000000000655e-05;1,00000000000655e-05;1,00000000000655e-05
"2";0,95;100;100;0;4;0,98125;0,98161;0,98161;0;0;0
"3";0,95;100;100;0;2;0,97538;0,97584;0,97584;0;0;0
"4";0,95;100;100;0;1;0,95079;0,95106;0,95106;1,00000000000655e-05;1,00000000000655e-05;1,00000000000655e-05
"5";0,95;100;100;0;0,1;0,87646;0,87745;0,87745;0;0;0
"6";0,95;100;100;0;0,5;0,90957;0,9097;0,9097;0;9,99999999995449e-06;9,99999999995449e-06
"7";0,95;100;100;0;0,25;0,88421;0,88486;0,88486;2,000000000002e-05;9,99999999995449e-06;9,99999999995449e-06
"8";0,95;100;100;1;10;0;0;0;0;0;0
"9";0,95;100;100;1;4;0;0;0;0;0;0
"10";0,95;100;100;1;2;0;0;0;0;0;0
"11";0,95;100;100;1;1;0,00068;0,00069;0,00069;0;0;0
"12";0,95;100;100;1;0,1;0,61946;0,62129;0,62129;0;0;0
"13";0,95;100;100;1;0,5;0,02799;0,02827;0,02827;0;0;0
"14";0,95;100;100;1;0,25;0,23974;0,24111;0,24111;2,000000000002e-05;9,99999999998225e-06;9,99999999998225e-06
"15";0,95;100;100;2;10;0;0;0;0;0;0
"16";0,95;100;100;2;4;0;0;0;0;0;0
"17";0,95;100;100;2;2;0;0;0;0;0;0
"18";0,95;100;100;2;1;0;0;0;0;0;0
"19";0,95;100;100;2;0,1;0,33854;0,34042;0,34042;0;0;0
"20";0,95;100;100;2;0,5;0,00046;0,00046;0,00046;0;0;0
"21";0,95;100;100;2;0,25;0,02383;0,02416;0,02416;0;0;0
"22";0,95;100;100;3;10;0;0;0;0;0;0
"23";0,95;100;100;3;4;0;0;0;0;0;0
"24";0,95;100;100;3;2;0;0;0;0;0;0
"25";0,95;100;100;3;1;0;0;0;0;0;0
"26";0,95;100;100;3;0,1;0,15133;0,1525;0,1525;0;0;0
"27";0,95;100;100;3;0,5;1e-04;1e-04;1e-04;0;0;0
"28";0,95;100;100;3;0,25;0,00246;0,0025;0,0025;0;1e-05;1e-05
"29";0,95;100;100;4;10;0;0;0;0;0;0
"30";0,95;100;100;4;4;0;0;0;0;0;0
"31";0,95;100;100;4;2;0;0;0;0;0;0
"32";0,95;100;100;4;1;0;0;0;0;0;0
"33";0,95;100;100;4;0,1;0,05898;0,05949;0,05949;9,99999999999612e-06;0;0
"34";0,95;100;100;4;0,5;0;0;0;0;0;0
"35";0,95;100;100;4;0,25;0,00046;0,00047;0,00047;0;0;0
"36";0,95;100;20;0;10;1;0,98278;0,98278;0;0;0
"37";0,95;100;20;0;4;1;0,97379;0,97379;0;0;0
"38";0,95;100;20;0;2;0,99998;0,93814;0,93814;0;0;0
"39";0,95;100;20;0;1;0,98093;0,85626;0,85626;0;0;0
"40";0,95;100;20;0;0,1;0,63869;0,79549;0,79549;0;0;0
"41";0,95;100;20;0;0,5;0,81107;0,81069;0,81069;9,99999999995449e-06;1,00000000000655e-05;1,00000000000655e-05
"42";0,95;100;20;0;0,25;0,68755;0,79923;0,79923;0;9,99999999995449e-06;9,99999999995449e-06
"43";0,95;100;20;1;10;0,00057;0;0;0;0;0
"44";0,95;100;20;1;4;0,00058;0,00024;0,00024;0;0;0
"45";0,95;100;20;1;2;0,00264;0,00626;0,00626;0;0;0
"46";0,95;100;20;1;1;0,03059;0,07023;0,07023;9,99999999999959e-06;0;0
"47";0,95;100;20;1;0,1;0,48072;0,67521;0,67521;0;2,000000000002e-05;2,000000000002e-05
"48";0,95;100;20;1;0,5;0,1446;0,27165;0,27165;0;1,000000000001e-05;1,000000000001e-05
"49";0,95;100;20;1;0,25;0,30979;0,49629;0,49629;1,000000000001e-05;2,000000000002e-05;2,000000000002e-05
"50";0,95;100;20;2;10;1e-05;0;0;0;0;0
"51";0,95;100;20;2;4;0;0;0;0;0;0
"52";0,95;100;20;2;2;2e-05;0,00021;0,00021;0;0;0
"53";0,95;100;20;2;1;8e-04;0,00518;0,00518;0;0;0
"54";0,95;100;20;2;0,1;0,34607;0,55078;0,55078;0;3,00000000000855e-05;3,00000000000855e-05
"55";0,95;100;20;2;0,5;0,01815;0,06636;0,06636;0;0;0
"56";0,95;100;20;2;0,25;0,11915;0,2667;0,2667;0;0;0
"57";0,95;100;20;3;10;0;0;0;0;0;0
"58";0,95;100;20;3;4;0;0;0;0;0;0
"59";0,95;100;20;3;2;0;1e-05;1e-05;0;0;0
"60";0,95;100;20;3;1;4e-05;0,00071;0,00071;0;0;0
"61";0,95;100;20;3;0,1;0,24137;0,44075;0,44075;0;0;0
"62";0,95;100;20;3;0,5;0,00319;0,01789;0,01789;0;0;0
"63";0,95;100;20;3;0,25;0,04232;0,13133;0,13133;0;0;0
"64";0,95;100;20;4;10;0;0;0;0;0;0
"65";0,95;100;20;4;4;0;0;0;0;0;0
"66";0,95;100;20;4;2;0;0;0;0;0;0
"67";0,95;100;20;4;1;4e-05;2e-04;2e-04;0;0;0
"68";0,95;100;20;4;0,1;0,16371;0,33958;0,33958;0;2,000000000002e-05;2,000000000002e-05
"69";0,95;100;20;4;0,5;0,00082;0,00535;0,00535;0;0;0
"70";0,95;100;20;4;0,25;0,01599;0,06474;0,06474;0;0;0
"71";0,95;100;50;0;10;0,99921;0,98351;0,98351;0;2,000000000002e-05;2,000000000002e-05
"72";0,95;100;50;0;4;0,99869;0,97974;0,97974;0;0;0
"73";0,95;100;50;0;2;0,99542;0,96531;0,96531;0;0;0
"74";0,95;100;50;0;1;0,96113;0,92102;0,92102;1,00000000000655e-05;9,99999999995449e-06;9,99999999995449e-06
"75";0,95;100;50;0;0,1;0,77544;0,85053;0,85053;0;0;0
"76";0,95;100;50;0;0,5;0,86261;0,87527;0,87527;9,99999999995449e-06;9,99999999995449e-06;9,99999999995449e-06
"77";0,95;100;50;0;0,25;0,80036;0,85693;0,85693;0;9,99999999995449e-06;9,99999999995449e-06
"78";0,95;100;50;1;10;0;0;0;0;0;0
"79";0,95;100;50;1;4;1e-05;1e-05;1e-05;0;0;0
"80";0,95;100;50;1;2;0,00011;0,00033;0,00033;0;0;0
"81";0,95;100;50;1;1;0,00368;0,00831;0,00831;0;0;0
"82";0,95;100;50;1;0,1;0,55197;0,66599;0,66599;9,99999999995449e-06;0;0
"83";0,95;100;50;1;0,5;0,06843;0,11507;0,11507;1,000000000001e-05;0;0
"84";0,95;100;50;1;0,25;0,27737;0,38133;0,38133;1,000000000001e-05;0;0
"85";0,95;100;50;2;10;0;0;0;0;0;0
"86";0,95;100;50;2;4;0;0;0;0;0;0
"87";0,95;100;50;2;2;0;1e-05;1e-05;0;0;0
"88";0,95;100;50;2;1;9e-05;0,00024;0,00024;0;0;0
"89";0,95;100;50;2;0,1;0,34554;0,46707;0,46707;0;1,000000000001e-05;1,000000000001e-05
"90";0,95;100;50;2;0,5;0,00303;0,0073;0,0073;0;0;0
"91";0,95;100;50;2;0,25;0,05775;0,10698;0,10698;0;1,000000000001e-05;1,000000000001e-05
"92";0,95;100;50;3;10;0;0;0;0;0;0
"93";0,95;100;50;3;4;0;0;0;0;0;0
"94";0,95;100;50;3;2;0;0;0;0;0;0
"95";0,95;100;50;3;1;0;0;0;0;0;0
"96";0,95;100;50;3;0,1;0,19824;0,29966;0,29966;0;1,99999999999645e-05;1,99999999999645e-05
"97";0,95;100;50;3;0,5;0,00033;0,00088;0,00088;0;0;0
"98";0,95;100;50;3;0,25;0,01174;0,02608;0,02608;0;0;0
"99";0,95;100;50;4;10;0;0;0;0;0;0
"100";0,95;100;50;4;4;0;0;0;0;0;0
"101";0,95;100;50;4;2;0;0;0;0;0;0
"102";0,95;100;50;4;1;0;0;0;0;0;0
"103";0,95;100;50;4;0,1;0,1069;0,17896;0,17896;0;0;0
"104";0,95;100;50;4;0,5;5e-05;2e-04;2e-04;0;0;0
"105";0,95;100;50;4;0,25;0,00264;0,00671;0,00671;0;0;0
"106";0,95;20;100;0;10;0,84026;0,99432;0,99432;0;0;0
"107";0,95;20;100;0;4;0,85633;0,99418;0,99418;0;0;0
"108";0,95;20;100;0;2;0,88524;0,99275;0,99275;0;0;0
"109";0,95;20;100;0;1;0,92908;0,98936;0,98936;0;0;0
"110";0,95;20;100;0;0,1;0,98528;0,88499;0,88499;0;0;0
"111";0,95;20;100;0;0,5;0,96282;0,96635;0,96635;0;1,00000000000655e-05;1,00000000000655e-05
"112";0,95;20;100;0;0,25;0,97968;0,91952;0,91952;0;0;0
"113";0,95;20;100;1;10;0;0,00046;0,00046;0;0;0
"114";0,95;20;100;1;4;1e-05;0,00031;0,00031;0;0;0
"115";0,95;20;100;1;2;0,00045;0,00052;0,00052;0;0;0
"116";0,95;20;100;1;1;0,01835;0,00219;0,00219;0;0;0
"117";0,95;20;100;1;0,1;0,91593;0,62902;0,62902;0;4,000000000004e-05;4,000000000004e-05
"118";0,95;20;100;1;0,5;0,23916;0,04812;0,04812;2,000000000002e-05;0;0
"119";0,95;20;100;1;0,25;0,66504;0,2814;0,2814;2,99999999999745e-05;1,99999999999645e-05;1,99999999999645e-05
"120";0,95;20;100;2;10;0;3e-05;3e-05;0;0;0
"121";0,95;20;100;2;4;0;1e-05;1e-05;0;0;0
"122";0,95;20;100;2;2;1e-05;1e-05;1e-05;0;0;0
"123";0,95;20;100;2;1;2e-04;2e-05;2e-05;0;0;0
"124";0,95;20;100;2;0,1;0,76309;0,34812;0,34812;1,00000000000655e-05;0;0
"125";0,95;20;100;2;0,5;0,01139;0,00059;0,00059;0;0;0
"126";0,95;20;100;2;0,25;0,21186;0,02855;0,02855;9,99999999998225e-06;0;0
"127";0,95;20;100;3;10;0;0;0;0;0;0
"128";0,95;20;100;3;4;0;0;0;0;0;0
"129";0,95;20;100;3;2;0;0;0;0;0;0
"130";0,95;20;100;3;1;1e-05;2e-05;2e-05;0;0;0
"131";0,95;20;100;3;0,1;0,55091;0,15623;0,15623;1,00000000000655e-05;1,000000000001e-05;1,000000000001e-05
"132";0,95;20;100;3;0,5;0,00106;4e-05;4e-05;0;0;0
"133";0,95;20;100;3;0,25;0,04648;0,00247;0,00247;1,00000000000031e-05;0;0
"134";0,95;20;100;4;10;0;0;0;0;0;0
"135";0,95;20;100;4;4;0;0;0;0;0;0
"136";0,95;20;100;4;2;0;0;0;0;0;0
"137";0,95;20;100;4;1;1e-05;0;0;0;0;0
"138";0,95;20;100;4;0,1;0,34825;0,06253;0,06253;0;0;0
"139";0,95;20;100;4;0,5;0,00022;2e-05;2e-05;0;0;0
"140";0,95;20;100;4;0,25;0,01063;0,00055;0,00055;0;0;0
"141";0,95;20;20;0;10;0,99256;0,99374;0,99374;0;0;0
"142";0,95;20;20;0;4;0,99179;0,99309;0,99309;9,99999999995449e-06;0;0
"143";0,95;20;20;0;2;0,98623;0,98796;0,98796;0;1,9999999999909e-05;1,9999999999909e-05
"144";0,95;20;20;0;1;0,95551;0,95815;0,95815;2,000000000002e-05;0;0
"145";0,95;20;20;0;0,1;0,79497;0,79943;0,79943;9,99999999995449e-06;9,99999999995449e-06;9,99999999995449e-06
"146";0,95;20;20;0;0,5;0,86724;0,86822;0,86822;1,00000000000655e-05;0;0
"147";0,95;20;20;0;0,25;0,81242;0,81477;0,81477;0;2,000000000002e-05;2,000000000002e-05
"148";0,95;20;20;1;10;0,00026;0,00033;0,00033;0;0;0
"149";0,95;20;20;1;4;0,00074;0,00087;0,00087;0;0;0
"150";0,95;20;20;1;2;0,01047;0,01092;0,01092;0;0;0
"151";0,95;20;20;1;1;0,08903;0,09075;0,09075;9,99999999999612e-06;0;0
"152";0,95;20;20;1;0,1;0,67112;0,67726;0,67726;0;0;0
"153";0,95;20;20;1;0,5;0,29199;0,29661;0,29661;1,000000000001e-05;3,99999999999845e-05;3,99999999999845e-05
"154";0,95;20;20;1;0,25;0,50333;0,5092;0,5092;2,000000000002e-05;2,000000000002e-05;2,000000000002e-05
"155";0,95;20;20;2;10;0;0;0;0;0;0
"156";0,95;20;20;2;4;3e-05;3e-05;3e-05;0;0;0
"157";0,95;20;20;2;2;0,00018;0,00022;0,00022;0;0;0
"158";0,95;20;20;2;1;0,00634;0,00662;0,00662;0;0;0
"159";0,95;20;20;2;0,1;0,54824;0,5553;0,5553;0;1,00000000000655e-05;1,00000000000655e-05
"160";0,95;20;20;2;0,5;0,06806;0,07056;0,07056;0;0;0
"161";0,95;20;20;2;0,25;0,26612;0,27232;0,27232;2,000000000002e-05;1,000000000001e-05;1,000000000001e-05
"162";0,95;20;20;3;10;0;0;0;0;0;0
"163";0,95;20;20;3;4;0;0;0;0;0;0
"164";0,95;20;20;3;2;3e-05;3e-05;3e-05;0;0;0
"165";0,95;20;20;3;1;0,00081;0,00089;0,00089;0;0;0
"166";0,95;20;20;3;0,1;0,43404;0,44136;0,44136;0;9,99999999995449e-06;9,99999999995449e-06
"167";0,95;20;20;3;0,5;0,01688;0,01782;0,01782;9,99999999999959e-06;0;0
"168";0,95;20;20;3;0,25;0,13118;0,13517;0,13517;0;0;0
"169";0,95;20;20;4;10;0;0;0;0;0;0
"170";0,95;20;20;4;4;0;0;0;0;0;0
"171";0,95;20;20;4;2;1e-05;1e-05;1e-05;0;0;0
"172";0,95;20;20;4;1;0,00022;0,00022;0,00022;0;0;0
"173";0,95;20;20;4;0,1;0,3367;0,34379;0,34379;1,000000000001e-05;0;0
"174";0,95;20;20;4;0,5;0,00493;0,00518;0,00518;0;0;0
"175";0,95;20;20;4;0,25;0,06549;0,06827;0,06827;0;9,99999999999612e-06;9,99999999999612e-06
"176";0,95;20;50;0;10;0,92397;0,99432;0,99432;0;9,99999999995449e-06;9,99999999995449e-06
"177";0,95;20;50;0;4;0,92886;0,99346;0,99346;0;9,99999999995449e-06;9,99999999995449e-06
"178";0,95;20;50;0;2;0,93248;0,99198;0,99198;0;0;0
"179";0,95;20;50;0;1;0,93493;0,98249;0,98249;0;0;0
"180";0,95;20;50;0;0,1;0,93277;0,85483;0,85483;0;0;0
"181";0,95;20;50;0;0,5;0,93318;0,93597;0,93597;0;0;0
"182";0,95;20;50;0;0,25;0,93162;0,88098;0,88098;0;0;0
"183";0,95;20;50;1;10;0;0,00051;0,00051;0;0;0
"184";0,95;20;50;1;4;5e-05;0,00044;0,00044;0;0;0
"185";0,95;20;50;1;2;0,00194;0,00122;0,00122;0;0;0
"186";0,95;20;50;1;1;0,04029;0,01541;0,01541;0;0;0
"187";0,95;20;50;1;0,1;0,81784;0,66924;0,66924;0;0;0
"188";0,95;20;50;1;0,5;0,26357;0,14455;0,14455;2,000000000002e-05;0;0
"189";0,95;20;50;1;0,25;0,5875;0,40836;0,40836;2,99999999999745e-05;0;0
"190";0,95;20;50;2;10;0;0;0;0;0;0
"191";0,95;20;50;2;4;0;1e-05;1e-05;0;0;0
"192";0,95;20;50;2;2;3e-05;0;0;0;0;0
"193";0,95;20;50;2;1;0,00101;0,00022;0,00022;0;0;0
"194";0,95;20;50;2;0,1;0,66186;0,47071;0,47071;9,99999999995449e-06;1,000000000001e-05;1,000000000001e-05
"195";0,95;20;50;2;0,5;0,02944;0,00855;0,00855;0;0;0
"196";0,95;20;50;2;0,25;0,24361;0,11508;0,11508;1,99999999999922e-05;0;0
"197";0,95;20;50;3;10;0;0;0;0;0;0
"198";0,95;20;50;3;4;0;0;0;0;0;0
"199";0,95;20;50;3;2;0;0;0;0;0;0
"200";0,95;20;50;3;1;0,00012;2e-05;2e-05;0;0;0
"201";0,95;20;50;3;0,1;0,49555;0,30227;0,30227;1,000000000001e-05;0;0
"202";0,95;20;50;3;0,5;0,0041;0,00103;0,00103;0;0;0
"203";0,95;20;50;3;0,25;0,08225;0,02787;0,02787;1,000000000001e-05;0;0
"204";0,95;20;50;4;10;0;0;0;0;0;0
"205";0,95;20;50;4;4;0;0;0;0;0;0
"206";0,95;20;50;4;2;0;0;0;0;0;0
"207";0,95;20;50;4;1;3e-05;2e-05;2e-05;0;0;0
"208";0,95;20;50;4;0,1;0,34882;0,18356;0,18356;0;0;0
"209";0,95;20;50;4;0,5;0,00092;0,00017;0,00017;0;0;0
"210";0,95;20;50;4;0,25;0,02669;0,00722;0,00722;0;0;0
"211";0,95;50;100;0;10;0,93713;0,98915;0,98915;0;0;0
"212";0,95;50;100;0;4;0,93785;0,98782;0,98782;0;0;0
"213";0,95;50;100;0;2;0,9417;0,98559;0,98559;0;0;0
"214";0,95;50;100;0;1;0,94386;0,97332;0,97332;1,00000000000655e-05;0;0
"215";0,95;50;100;0;0,1;0,93985;0,88016;0,88016;0;0;0
"216";0,95;50;100;0;0,5;0,93998;0,93204;0,93204;0;0;0
"217";0,95;50;100;0;0,25;0,93855;0,89349;0,89349;9,99999999995449e-06;0;0
"218";0,95;50;100;1;10;0;0;0;0;0;0
"219";0,95;50;100;1;4;1e-05;0;0;0;0;0
"220";0,95;50;100;1;2;7e-05;1e-05;1e-05;0;0;0
"221";0,95;50;100;1;1;0,0025;9e-04;9e-04;0;0;0
"222";0,95;50;100;1;0,1;0,76088;0,62203;0,62203;0;9,99999999995449e-06;9,99999999995449e-06
"223";0,95;50;100;1;0,5;0,07192;0,0335;0,0335;9,99999999999612e-06;0;0
"224";0,95;50;100;1;0,25;0,39354;0,25218;0,25218;2,000000000002e-05;0;0
"225";0,95;50;100;2;10;0;0;0;0;0;0
"226";0,95;50;100;2;4;0;0;0;0;0;0
"227";0,95;50;100;2;2;0;0;0;0;0;0
"228";0,95;50;100;2;1;5e-05;0;0;0;0;0
"229";0,95;50;100;2;0,1;0,50329;0,34218;0,34218;1,00000000000655e-05;2,99999999999745e-05;2,99999999999745e-05
"230";0,95;50;100;2;0,5;0,00148;0,00047;0,00047;0;0;0
"231";0,95;50;100;2;0,25;0,06318;0,02558;0,02558;0;0;0
"232";0,95;50;100;3;10;0;0;0;0;0;0
"233";0,95;50;100;3;4;0;0;0;0;0;0
"234";0,95;50;100;3;2;0;0;0;0;0;0
"235";0,95;50;100;3;1;0;0;0;0;0;0
"236";0,95;50;100;3;0,1;0,27845;0,15416;0,15416;2,99999999999745e-05;0;0
"237";0,95;50;100;3;0,5;0,00019;7e-05;7e-05;0;0;0
"238";0,95;50;100;3;0,25;0,00883;0,00289;0,00289;0;0;0
"239";0,95;50;100;4;10;0;0;0;0;0;0
"240";0,95;50;100;4;4;0;0;0;0;0;0
"241";0,95;50;100;4;2;0;0;0;0;0;0
"242";0,95;50;100;4;1;0;0;0;0;0;0
"243";0,95;50;100;4;0,1;0,13317;0,06162;0,06162;0;1,00000000000031e-05;1,00000000000031e-05
"244";0,95;50;100;4;0,5;5e-05;1e-05;1e-05;0;0;0
"245";0,95;50;100;4;0,25;0,00178;6e-04;6e-04;0;0;0
"246";0,95;50;20;0;10;0,99996;0,98845;0,98845;0;0;0
"247";0,95;50;20;0;4;0,99982;0,9844;0,9844;0;0;0
"248";0,95;50;20;0;2;0,99912;0,96665;0,96665;0;0;0
"249";0,95;50;20;0;1;0,97263;0,89985;0,89985;9,99999999995449e-06;1,00000000000655e-05;1,00000000000655e-05
"250";0,95;50;20;0;0,1;0,70125;0,79622;0,79622;0;1,00000000000655e-05;1,00000000000655e-05
"251";0,95;50;20;0;0,5;0,8295;0,82758;0,82758;1,00000000000655e-05;0;0
"252";0,95;50;20;0;0,25;0,73483;0,80202;0,80202;0;9,99999999995449e-06;9,99999999995449e-06
"253";0,95;50;20;1;10;0,00074;0;0;0;0;0
"254";0,95;50;20;1;4;8e-04;0,00019;0,00019;0;0;0
"255";0,95;50;20;1;2;0,00408;0,00739;0,00739;0;9,99999999999959e-06;9,99999999999959e-06
"256";0,95;50;20;1;1;0,04527;0,07675;0,07675;0;0;0
"257";0,95;50;20;1;0,1;0,55282;0,6755;0,6755;0;0;0
"258";0,95;50;20;1;0,5;0,18832;0,27594;0,27594;0;0;0
"259";0,95;50;20;1;0,25;0,38038;0,50285;0,50285;0;0;0
"260";0,95;50;20;2;10;1e-05;0;0;0;0;0
"261";0,95;50;20;2;4;2e-05;1e-05;1e-05;0;0;0
"262";0,95;50;20;2;2;5e-05;0,00019;0,00019;0;0;0
"263";0,95;50;20;2;1;0,00168;0,00533;0,00533;0;0;0
"264";0,95;50;20;2;0,1;0,42096;0,55649;0,55649;0;1,00000000000655e-05;1,00000000000655e-05
"265";0,95;50;20;2;0,5;0,03153;0,06805;0,06805;0;0;0
"266";0,95;50;20;2;0,25;0,16234;0,26541;0,26541;0;9,99999999995449e-06;9,99999999995449e-06
"267";0,95;50;20;3;10;0;0;0;0;0;0
"268";0,95;50;20;3;4;0;0;0;0;0;0
"269";0,95;50;20;3;2;2e-05;3e-05;3e-05;0;0;0
"270";0,95;50;20;3;1;0,00026;0,00098;0,00098;0;0;0
"271";0,95;50;20;3;0,1;0,30749;0,44018;0,44018;1,99999999999645e-05;0;0
"272";0,95;50;20;3;0,5;0,0065;0,01819;0,01819;0;0;0
"273";0,95;50;20;3;0,25;0,06752;0,13446;0,13446;0;0;0
"274";0,95;50;20;4;10;0;0;0;0;0;0
"275";0,95;50;20;4;4;0;0;0;0;0;0
"276";0,95;50;20;4;2;0;0;0;0;0;0
"277";0,95;50;20;4;1;5e-05;0,00016;0,00016;0;0;0
"278";0,95;50;20;4;0,1;0,21978;0,34348;0,34348;0;1,000000000001e-05;1,000000000001e-05
"279";0,95;50;20;4;0,5;0,00131;0,00504;0,00504;0;0;0
"280";0,95;50;20;4;0,25;0,02841;0,06534;0,06534;0;9,99999999999612e-06;9,99999999999612e-06
"281";0,95;50;50;0;10;0,98812;0,98879;0,98879;0;0;0
"282";0,95;50;50;0;4;0,98683;0,98746;0,98746;0;0;0
"283";0,95;50;50;0;2;0,98029;0,98108;0,98108;0;0;0
"284";0,95;50;50;0;1;0,95238;0,95302;0,95302;0;0;0
"285";0,95;50;50;0;0,1;0,84837;0,8505;0,8505;9,99999999995449e-06;0;0
"286";0,95;50;50;0;0,5;0,8954;0,89557;0,89557;0;0;0
"287";0,95;50;50;0;0,25;0,85962;0,86055;0,86055;0;0;0
"288";0,95;50;50;1;10;0;1e-05;1e-05;0;0;0
"289";0,95;50;50;1;4;2e-05;2e-05;2e-05;0;0;0
"290";0,95;50;50;1;2;0,00035;0,00035;0,00035;0;0;0
"291";0,95;50;50;1;1;0,01032;0,0105;0,0105;0;0;0
"292";0,95;50;50;1;0,1;0,66504;0,66806;0,66806;0;0;0
"293";0,95;50;50;1;0,5;0,12115;0,12248;0,12248;0;0;0
"294";0,95;50;50;1;0,25;0,38472;0,38753;0,38753;1,000000000001e-05;0;0
"295";0,95;50;50;2;10;0;0;0;0;0;0
"296";0,95;50;50;2;4;0;0;0;0;0;0
"297";0,95;50;50;2;2;0;0;0;0;0;0
"298";0,95;50;50;2;1;0,00027;0,00027;0,00027;0;0;0
"299";0,95;50;50;2;0,1;0,46469;0,46791;0,46791;1,000000000001e-05;0;0
"300";0,95;50;50;2;0,5;0,00753;0,00772;0,00772;0;0;0
"301";0,95;50;50;2;0,25;0,10763;0,10938;0,10938;0;0;0
"302";0,95;50;50;3;10;0;0;0;0;0;0
"303";0,95;50;50;3;4;0;0;0;0;0;0
"304";0,95;50;50;3;2;0;0;0;0;0;0
"305";0,95;50;50;3;1;2e-05;2e-05;2e-05;0;0;0
"306";0,95;50;50;3;0,1;0,29729;0,30037;0,30037;0;1,000000000001e-05;1,000000000001e-05
"307";0,95;50;50;3;0,5;7e-04;0,00072;0,00072;0;0;0
"308";0,95;50;50;3;0,25;0,026;0,02659;0,02659;0;0;0
"309";0,95;50;50;4;10;0;0;0;0;0;0
"310";0,95;50;50;4;4;0;0;0;0;0;0
"311";0,95;50;50;4;2;0;0;0;0;0;0
"312";0,95;50;50;4;1;0;0;0;0;0;0
"313";0,95;50;50;4;0,1;0,17976;0,18234;0,18234;0;0;0
"314";0,95;50;50;4;0,5;0,00017;0,00017;0,00017;0;0;0
"315";0,95;50;50;4;0,25;0,00681;0,00696;0,00696;0;0;0
