"conf.level";"n1";"n2";"m1-m2";"sd1/sd2";"p_Cohen_NH0";"p_Shieh_NH0";"p_transfoshieh_NH0";"CICohen_vs_Student";"CIShieh_vs_Welch";"CItransfoShieh_vs_Welch"
"1";0,95;100;100;0;10;0,93295;0,93412;0,93412;0;0;0
"2";0,95;100;100;0;4;0,93595;0,93693;0,93693;0;0;0
"3";0,95;100;100;0;2;0,94377;0,9442;0,9442;0;0;0
"4";0,95;100;100;0;1;0,95079;0,95102;0,95102;0;0;0
"5";0,95;100;100;0;0,1;0,93301;0,93419;0,93419;0;0;0
"6";0,95;100;100;0;0,5;0,9431;0,94344;0,94344;0;9,99999999995449e-06;9,99999999995449e-06
"7";0,95;100;100;0;0,25;0,93489;0,93588;0,93588;0;0;0
"8";0,95;100;100;1;10;0;0;0;0;0;0
"9";0,95;100;100;1;4;0;0;0;0;0;0
"10";0,95;100;100;1;2;0;0;0;0;0;0
"11";0,95;100;100;1;1;0;0;0;0;0;0
"12";0,95;100;100;1;0,1;0,76704;0,7697;0,7697;2,000000000002e-05;0;0
"13";0,95;100;100;1;0,5;0,02192;0,02222;0,02222;0;0;0
"14";0,95;100;100;1;0,25;0,34055;0,34369;0,34369;1,000000000001e-05;2,000000000002e-05;2,000000000002e-05
"15";0,95;100;100;2;10;0;0;0;0;0;0
"16";0,95;100;100;2;4;0;0;0;0;0;0
"17";0,95;100;100;2;2;0;0;0;0;0;0
"18";0,95;100;100;2;1;0;0;0;0;0;0
"19";0,95;100;100;2;0,1;0,47128;0,47464;0,47464;0;0;0
"20";0,95;100;100;2;0,5;0;0;0;0;0;0
"21";0,95;100;100;2;0,25;0,0149;0,01539;0,01539;9,99999999999959e-06;0;0
"22";0,95;100;100;3;10;0;0;0;0;0;0
"23";0,95;100;100;3;4;0;0;0;0;0;0
"24";0,95;100;100;3;2;0;0;0;0;0;0
"25";0,95;100;100;3;1;0;0;0;0;0;0
"26";0,95;100;100;3;0,1;0,20281;0,20541;0,20541;1,99999999999922e-05;0;0
"27";0,95;100;100;3;0,5;0;0;0;0;0;0
"28";0,95;100;100;3;0,25;5e-05;5e-05;5e-05;0;0;0
"29";0,95;100;100;4;10;0;0;0;0;0;0
"30";0,95;100;100;4;4;0;0;0;0;0;0
"31";0,95;100;100;4;2;0;0;0;0;0;0
"32";0,95;100;100;4;1;0;0;0;0;0;0
"33";0,95;100;100;4;0,1;0,06071;0,06196;0,06196;0;0;0
"34";0,95;100;100;4;0,5;0;0;0;0;0;0
"35";0,95;100;100;4;0,25;0;0;0;0;0;0
"36";0,95;100;20;0;10;0,9976;0,93595;0,93595;0;0;0
"37";0,95;100;20;0;4;0,99631;0,94917;0,94917;0;0;0
"38";0,95;100;20;0;2;0,99;0,94814;0,94814;0;0;0
"39";0,95;100;20;0;1;0,95487;0,91003;0,91003;9,99999999995449e-06;9,99999999995449e-06;9,99999999995449e-06
"40";0,95;100;20;0;0,1;0,59585;0,88253;0,88253;9,99999999995449e-06;0;0
"41";0,95;100;20;0;0,5;0,78748;0,8894;0,8894;9,99999999995449e-06;9,99999999995449e-06;9,99999999995449e-06
"42";0,95;100;20;0;0,25;0,6495;0,88037;0,88037;0;9,99999999995449e-06;9,99999999995449e-06
"43";0,95;100;20;1;10;0;0;0;0;0;0
"44";0,95;100;20;1;4;0;0;0;0;0;0
"45";0,95;100;20;1;2;0,00022;0,00042;0,00042;0;0;0
"46";0,95;100;20;1;1;0,0325;0,08826;0,08826;0;0;0
"47";0,95;100;20;1;0,1;0,53148;0,80879;0,80879;9,99999999995449e-06;0;0
"48";0,95;100;20;1;0,5;0,20468;0,42612;0,42612;0;1,000000000001e-05;1,000000000001e-05
"49";0,95;100;20;1;0,25;0,40674;0,67511;0,67511;0;0;0
"50";0,95;100;20;2;10;0;0;0;0;0;0
"51";0,95;100;20;2;4;0;0;0;0;0;0
"52";0,95;100;20;2;2;0;0;0;0;0;0
"53";0,95;100;20;2;1;0;0,00015;0,00015;0;0;0
"54";0,95;100;20;2;0,1;0,42738;0,72089;0,72089;0;0;0
"55";0,95;100;20;2;0,5;0,00973;0,07788;0,07788;0;1,000000000001e-05;1,000000000001e-05
"56";0,95;100;20;2;0,25;0,15249;0,41998;0,41998;0;2,000000000002e-05;2,000000000002e-05
"57";0,95;100;20;3;10;0;0;0;0;0;0
"58";0,95;100;20;3;4;0;0;0;0;0;0
"59";0,95;100;20;3;2;0;0;0;0;0;0
"60";0,95;100;20;3;1;0;0;0;0;0;0
"61";0,95;100;20;3;0,1;0,31447;0,62356;0,62356;1,000000000001e-05;0;0
"62";0,95;100;20;3;0,5;0,00012;0,00507;0,00507;0;0;0
"63";0,95;100;20;3;0,25;0,03794;0,20428;0,20428;0;0;0
"64";0,95;100;20;4;10;0;0;0;0;0;0
"65";0,95;100;20;4;4;0;0;0;0;0;0
"66";0,95;100;20;4;2;0;0;0;0;0;0
"67";0,95;100;20;4;1;0;0;0;0;0;0
"68";0,95;100;20;4;0,1;0,21725;0,52067;0,52067;1,000000000001e-05;0;0
"69";0,95;100;20;4;0,5;1e-05;0,00012;0,00012;0;0;0
"70";0,95;100;20;4;0,25;0,00664;0,07536;0,07536;0;1,99999999999922e-05;1,99999999999922e-05
"71";0,95;100;50;0;10;0,98117;0,93589;0,93589;0;9,99999999995449e-06;9,99999999995449e-06
"72";0,95;100;50;0;4;0,97929;0,93983;0,93983;0;0;0
"73";0,95;100;50;0;2;0,9758;0,95001;0,95001;0;2,000000000002e-05;2,000000000002e-05
"74";0,95;100;50;0;1;0,95149;0,94619;0,94619;0;9,99999999995449e-06;9,99999999995449e-06
"75";0,95;100;50;0;0,1;0,81114;0,91914;0,91914;9,99999999995449e-06;0;0
"76";0,95;100;50;0;0,5;0,88188;0,92905;0,92905;0;0;0
"77";0,95;100;50;0;0,25;0,83282;0,92238;0,92238;0;0;0
"78";0,95;100;50;1;10;0;0;0;0;0;0
"79";0,95;100;50;1;4;0;0;0;0;0;0
"80";0,95;100;50;1;2;0;0;0;0;0;0
"81";0,95;100;50;1;1;0,00054;0,00183;0,00183;0;0;0
"82";0,95;100;50;1;0,1;0,67408;0,80824;0,80824;0;0;0
"83";0,95;100;50;1;0,5;0,07766;0,15342;0,15342;1,000000000001e-05;1,000000000001e-05;1,000000000001e-05
"84";0,95;100;50;1;0,25;0,38333;0,54285;0,54285;1,000000000001e-05;0;0
"85";0,95;100;50;2;10;0;0;0;0;0;0
"86";0,95;100;50;2;4;0;0;0;0;0;0
"87";0,95;100;50;2;2;0;0;0;0;0;0
"88";0,95;100;50;2;1;0;0;0;0;0;0
"89";0,95;100;50;2;0,1;0,46354;0,63437;0,63437;0;0;0
"90";0,95;100;50;2;0,5;0,00011;0,00098;0,00098;0;0;0
"91";0,95;100;50;2;0,25;0,05779;0,13791;0,13791;0;0;0
"92";0,95;100;50;3;10;0;0;0;0;0;0
"93";0,95;100;50;3;4;0;0;0;0;0;0
"94";0,95;100;50;3;2;0;0;0;0;0;0
"95";0,95;100;50;3;1;0;0;0;0;0;0
"96";0,95;100;50;3;0,1;0,26829;0,43476;0,43476;9,99999999995449e-06;0;0
"97";0,95;100;50;3;0,5;0;0;0;0;0;0
"98";0,95;100;50;3;0,25;0,00296;0,0147;0,0147;0;0;0
"99";0,95;100;50;4;10;0;0;0;0;0;0
"100";0,95;100;50;4;4;0;0;0;0;0;0
"101";0,95;100;50;4;2;0;0;0;0;0;0
"102";0,95;100;50;4;1;0;0;0;0;0;0
"103";0,95;100;50;4;0,1;0,1308;0,26144;0,26144;0;0;0
"104";0,95;100;50;4;0,5;0;0;0;0;0;0
"105";0,95;100;50;4;0,25;6e-05;0,00063;0,00063;0;0;0
"106";0,95;20;100;0;10;0,59163;0,88217;0,88217;0;0;0
"107";0,95;20;100;0;4;0,65069;0,88211;0,88211;0;0;0
"108";0,95;20;100;0;2;0,78782;0,88821;0,88821;9,99999999995449e-06;0;0
"109";0,95;20;100;0;1;0,9544;0,90966;0,90966;1,00000000000655e-05;1,00000000000655e-05;1,00000000000655e-05
"110";0,95;20;100;0;0,1;0,99807;0,93781;0,93781;1,00000000000655e-05;0;0
"111";0,95;20;100;0;0,5;0,98993;0,94873;0,94873;0;0;0
"112";0,95;20;100;0;0,25;0,99658;0,94833;0,94833;0;9,99999999995449e-06;9,99999999995449e-06
"113";0,95;20;100;1;10;0;0;0;0;0;0
"114";0,95;20;100;1;4;0;0;0;0;0;0
"115";0,95;20;100;1;2;0;0;0;0;0;0
"116";0,95;20;100;1;1;0,01707;6e-04;6e-04;9,99999999999959e-06;0;0
"117";0,95;20;100;1;0,1;0,98368;0,77517;0,77517;0;2,99999999999745e-05;2,99999999999745e-05
"118";0,95;20;100;1;0,5;0,39213;0,06966;0,06966;9,99999999995449e-06;0;0
"119";0,95;20;100;1;0,25;0,86319;0,41198;0,41198;1,00000000000655e-05;0;0
"120";0,95;20;100;2;10;0;0;0;0;0;0
"121";0,95;20;100;2;4;0;0;0;0;0;0
"122";0,95;20;100;2;2;0;0;0;0;0;0
"123";0,95;20;100;2;1;0;0;0;0;0;0
"124";0,95;20;100;2;0,1;0,92819;0,48739;0,48739;0;1,000000000001e-05;1,000000000001e-05
"125";0,95;20;100;2;0,5;0,00279;0;0;0;0;0
"126";0,95;20;100;2;0,25;0,35952;0,02369;0,02369;0;0;0
"127";0,95;20;100;3;10;0;0;0;0;0;0
"128";0,95;20;100;3;4;0;0;0;0;0;0
"129";0,95;20;100;3;2;0;0;0;0;0;0
"130";0,95;20;100;3;1;0;0;0;0;0;0
"131";0,95;20;100;3;0,1;0,79407;0,21739;0,21739;2,000000000002e-05;3,00000000000022e-05;3,00000000000022e-05
"132";0,95;20;100;3;0,5;0;0;0;0;0;0
"133";0,95;20;100;3;0,25;0,04189;0,00019;0,00019;0;0;0
"134";0,95;20;100;4;10;0;0;0;0;0;0
"135";0,95;20;100;4;4;0;0;0;0;0;0
"136";0,95;20;100;4;2;0;0;0;0;0;0
"137";0,95;20;100;4;1;0;0;0;0;0;0
"138";0,95;20;100;4;0,1;0,58064;0,06676;0,06676;6,000000000006e-05;0;0
"139";0,95;20;100;4;0,5;0;0;0;0;0;0
"140";0,95;20;100;4;0,25;0,00146;0;0;0;0;0
"141";0,95;20;20;0;10;0,87602;0,88168;0,88168;0;0;0
"142";0,95;20;20;0;4;0,8885;0,89161;0,89161;0;0;0
"143";0,95;20;20;0;2;0,91896;0,92081;0,92081;0;0;0
"144";0,95;20;20;0;1;0,95726;0,96185;0,96185;0;0;0
"145";0,95;20;20;0;0,1;0,87528;0,88095;0,88095;0;1,00000000000655e-05;1,00000000000655e-05
"146";0,95;20;20;0;0,5;0,91865;0,9205;0,9205;0;0;0
"147";0,95;20;20;0;0,25;0,88836;0,89164;0,89164;0;0;0
"148";0,95;20;20;1;10;0;0;0;0;0;0
"149";0,95;20;20;1;4;1e-05;1e-05;1e-05;0;0;0
"150";0,95;20;20;1;2;0,00549;0,00576;0,00576;0;0;0
"151";0,95;20;20;1;1;0,1441;0,14693;0,14693;1,000000000001e-05;1,99999999999922e-05;1,99999999999922e-05
"152";0,95;20;20;1;0,1;0,80409;0,81138;0,81138;0;9,99999999995449e-06;9,99999999995449e-06
"153";0,95;20;20;1;0,5;0,45722;0,46399;0,46399;2,000000000002e-05;0;0
"154";0,95;20;20;1;0,25;0,67989;0,68805;0,68805;9,99999999995449e-06;0;0
"155";0,95;20;20;2;10;0;0;0;0;0;0
"156";0,95;20;20;2;4;0;0;0;0;0;0
"157";0,95;20;20;2;2;0;0;0;0;0;0
"158";0,95;20;20;2;1;0,00034;0,00039;0,00039;0;0;0
"159";0,95;20;20;2;0,1;0,71544;0,72591;0,72591;0;0;0
"160";0,95;20;20;2;0,5;0,08457;0,0902;0,0902;0;0;0
"161";0,95;20;20;2;0,25;0,41606;0,42829;0,42829;1,99999999999645e-05;1,000000000001e-05;1,000000000001e-05
"162";0,95;20;20;3;10;0;0;0;0;0;0
"163";0,95;20;20;3;4;0;0;0;0;0;0
"164";0,95;20;20;3;2;0;0;0;0;0;0
"165";0,95;20;20;3;1;0;0;0;0;0;0
"166";0,95;20;20;3;0,1;0,61319;0,62578;0,62578;0;2,000000000002e-05;2,000000000002e-05
"167";0,95;20;20;3;0,5;0,00487;0,00568;0,00568;0;0;0
"168";0,95;20;20;3;0,25;0,19833;0,20988;0,20988;1,000000000001e-05;0;0
"169";0,95;20;20;4;10;0;0;0;0;0;0
"170";0,95;20;20;4;4;0;0;0;0;0;0
"171";0,95;20;20;4;2;0;0;0;0;0;0
"172";0,95;20;20;4;1;0;0;0;0;0;0
"173";0,95;20;20;4;0,1;0,50644;0,52151;0,52151;9,99999999995449e-06;0;0
"174";0,95;20;20;4;0,5;0,00012;0,00016;0,00016;0;0;0
"175";0,95;20;20;4;0,25;0,07111;0,07791;0,07791;0;0;0
"176";0,95;20;50;0;10;0,73986;0,8823;0,8823;0;9,99999999995449e-06;9,99999999995449e-06
"177";0,95;20;50;0;4;0,77065;0,88451;0,88451;9,99999999995449e-06;0;0
"178";0,95;20;50;0;2;0,84811;0,89607;0,89607;1,00000000000655e-05;0;0
"179";0,95;20;50;0;1;0,95389;0,9332;0,9332;1,00000000000655e-05;0;0
"180";0,95;20;50;0;0,1;0,97783;0,9229;0,9229;0;0;0
"181";0,95;20;50;0;0,5;0,97282;0,95286;0,95286;1,00000000000655e-05;0;0
"182";0,95;20;50;0;0,25;0,97663;0,93296;0,93296;0;0;0
"183";0,95;20;50;1;10;0;0;0;0;0;0
"184";0,95;20;50;1;4;0;0;0;0;0;0
"185";0,95;20;50;1;2;0,00011;5e-05;5e-05;0;0;0
"186";0,95;20;50;1;1;0,04672;0,01528;0,01528;0;0;0
"187";0,95;20;50;1;0,1;0,93133;0,8132;0,8132;0;0;0
"188";0,95;20;50;1;0,5;0,42145;0,22595;0,22595;1,000000000001e-05;0;0
"189";0,95;20;50;1;0,25;0,78251;0,57394;0,57394;2,000000000002e-05;9,99999999995449e-06;9,99999999995449e-06
"190";0,95;20;50;2;10;0;0;0;0;0;0
"191";0,95;20;50;2;4;0;0;0;0;0;0
"192";0,95;20;50;2;2;0;0;0;0;0;0
"193";0,95;20;50;2;1;0;0;0;0;0;0
"194";0,95;20;50;2;0,1;0,84194;0,63849;0,63849;1,00000000000655e-05;9,99999999995449e-06;9,99999999995449e-06
"195";0,95;20;50;2;0,5;0,01944;0,00195;0,00195;0;0;0
"196";0,95;20;50;2;0,25;0,3921;0,15632;0,15632;3,000000000003e-05;9,99999999998225e-06;9,99999999998225e-06
"197";0,95;20;50;3;10;0;0;0;0;0;0
"198";0,95;20;50;3;4;0;0;0;0;0;0
"199";0,95;20;50;3;2;0;0;0;0;0;0
"200";0,95;20;50;3;1;0;0;0;0;0;0
"201";0,95;20;50;3;0,1;0,71047;0,44426;0,44426;2,000000000002e-05;0;0
"202";0,95;20;50;3;0,5;0,00012;0;0;0;0;0
"203";0,95;20;50;3;0,25;0,10272;0,01697;0,01697;0;0;0
"204";0,95;20;50;4;10;0;0;0;0;0;0
"205";0,95;20;50;4;4;0;0;0;0;0;0
"206";0,95;20;50;4;2;0;0;0;0;0;0
"207";0,95;20;50;4;1;0;0;0;0;0;0
"208";0,95;20;50;4;0,1;0,54494;0,26531;0,26531;9,99999999995449e-06;1,000000000001e-05;1,000000000001e-05
"209";0,95;20;50;4;0,5;0;0;0;0;0;0
"210";0,95;20;50;4;0,25;0,01405;0,00075;0,00075;9,99999999999959e-06;0;0
"211";0,95;50;100;0;10;0,81354;0,92008;0,92008;0;0;0
"212";0,95;50;100;0;4;0,83304;0,92231;0,92231;9,99999999995449e-06;0;0
"213";0,95;50;100;0;2;0,88174;0,92899;0,92899;0;0;0
"214";0,95;50;100;0;1;0,95228;0,94627;0,94627;0;0;0
"215";0,95;50;100;0;0,1;0,98095;0,93615;0,93615;0;1,00000000000655e-05;1,00000000000655e-05
"216";0,95;50;100;0;0,5;0,97529;0,94955;0,94955;0;0;0
"217";0,95;50;100;0;0,25;0,9805;0,94064;0,94064;0;0;0
"218";0,95;50;100;1;10;0;0;0;0;0;0
"219";0,95;50;100;1;4;0;0;0;0;0;0
"220";0,95;50;100;1;2;0;0;0;0;0;0
"221";0,95;50;100;1;1;0,00019;4e-05;4e-05;0;0;0
"222";0,95;50;100;1;0,1;0,89829;0,771;0,771;1,00000000000655e-05;1,00000000000655e-05;1,00000000000655e-05
"223";0,95;50;100;1;0,5;0,09258;0,03216;0,03216;0;0;0
"224";0,95;50;100;1;0,25;0,56859;0,36;0,36;2,000000000002e-05;1,000000000001e-05;1,000000000001e-05
"225";0,95;50;100;2;10;0;0;0;0;0;0
"226";0,95;50;100;2;4;0;0;0;0;0;0
"227";0,95;50;100;2;2;0;0;0;0;0;0
"228";0,95;50;100;2;1;0;0;0;0;0;0
"229";0,95;50;100;2;0,1;0,6989;0,48186;0,48186;2,000000000002e-05;1,000000000001e-05;1,000000000001e-05
"230";0,95;50;100;2;0,5;1e-05;0;0;0;0;0
"231";0,95;50;100;2;0,25;0,06929;0,01714;0,01714;0;0;0
"232";0,95;50;100;3;10;0;0;0;0;0;0
"233";0,95;50;100;3;4;0;0;0;0;0;0
"234";0,95;50;100;3;2;0;0;0;0;0;0
"235";0,95;50;100;3;1;0;0;0;0;0;0
"236";0,95;50;100;3;0,1;0,42326;0,21058;0,21058;0;0;0
"237";0,95;50;100;3;0,5;0;0;0;0;0;0
"238";0,95;50;100;3;0,25;0,00127;0,00011;0,00011;0;0;0
"239";0,95;50;100;4;10;0;0;0;0;0;0
"240";0,95;50;100;4;4;0;0;0;0;0;0
"241";0,95;50;100;4;2;0;0;0;0;0;0
"242";0,95;50;100;4;1;0;0;0;0;0;0
"243";0,95;50;100;4;0,1;0,18845;0,06317;0,06317;1,000000000001e-05;0;0
"244";0,95;50;100;4;0,5;0;0;0;0;0;0
"245";0,95;50;100;4;0,25;0;0;0;0;0;0
"246";0,95;50;20;0;10;0,97722;0,9221;0,9221;0;0;0
"247";0,95;50;20;0;4;0,97596;0,93307;0,93307;0;0;0
"248";0,95;50;20;0;2;0,97345;0,95462;0,95462;0;0;0
"249";0,95;50;20;0;1;0,95443;0,93237;0,93237;0;0;0
"250";0,95;50;20;0;0,1;0,73912;0,88171;0,88171;0;0;0
"251";0,95;50;20;0;0,5;0,84782;0,89534;0,89534;1,00000000000655e-05;0;0
"252";0,95;50;20;0;0,25;0,76985;0,88571;0,88571;0;0;0
"253";0,95;50;20;1;10;0;0;0;0;0;0
"254";0,95;50;20;1;4;0;0;0;0;0;0
"255";0,95;50;20;1;2;0,00063;0,00112;0,00112;0;0;0
"256";0,95;50;20;1;1;0,05487;0,10179;0,10179;1,00000000000031e-05;0;0
"257";0,95;50;20;1;0,1;0,65864;0,8091;0,8091;0;0;0
"258";0,95;50;20;1;0,5;0,2881;0,43904;0,43904;1,000000000001e-05;0;0
"259";0,95;50;20;1;0,25;0,514;0,67855;0,67855;1,00000000000655e-05;2,99999999999745e-05;2,99999999999745e-05
"260";0,95;50;20;2;10;0;0;0;0;0;0
"261";0,95;50;20;2;4;0;0;0;0;0;0
"262";0,95;50;20;2;2;0;0;0;0;0;0
"263";0,95;50;20;2;1;1e-05;0,00012;0,00012;0;0;0
"264";0,95;50;20;2;0,1;0,54923;0,72445;0,72445;2,000000000002e-05;0;0
"265";0,95;50;20;2;0,5;0,02273;0,08029;0,08029;0;0;0
"266";0,95;50;20;2;0,25;0,23303;0,4195;0,4195;0;1,99999999999645e-05;1,99999999999645e-05
"267";0,95;50;20;3;10;0;0;0;0;0;0
"268";0,95;50;20;3;4;0;0;0;0;0;0
"269";0,95;50;20;3;2;0;0;0;0;0;0
"270";0,95;50;20;3;1;0;0;0;0;0;0
"271";0,95;50;20;3;0,1;0,42816;0,62614;0,62614;0;1,00000000000655e-05;1,00000000000655e-05
"272";0,95;50;20;3;0,5;0,00043;0,00526;0,00526;0;0;0
"273";0,95;50;20;3;0,25;0,0742;0,20351;0,20351;0;1,000000000001e-05;1,000000000001e-05
"274";0,95;50;20;4;10;0;0;0;0;0;0
"275";0,95;50;20;4;4;0;0;0;0;0;0
"276";0,95;50;20;4;2;0;0;0;0;0;0
"277";0,95;50;20;4;1;0;0;0;0;0;0
"278";0,95;50;20;4;0,1;0,31443;0,51897;0,51897;0;2,000000000002e-05;2,000000000002e-05
"279";0,95;50;20;4;0,5;0;5e-05;5e-05;0;0;0
"280";0,95;50;20;4;0,25;0,01716;0,07676;0,07676;0;9,99999999999612e-06;9,99999999999612e-06
"281";0,95;50;50;0;10;0,91555;0,91809;0,91809;0;0;0
"282";0,95;50;50;0;4;0,92366;0,92512;0,92512;0;0;0
"283";0,95;50;50;0;2;0,93721;0,93786;0,93786;0;0;0
"284";0,95;50;50;0;1;0,95214;0,9528;0,9528;0;0;0
"285";0,95;50;50;0;0,1;0,91865;0,92121;0,92121;9,99999999995449e-06;0;0
"286";0,95;50;50;0;0,5;0,9381;0,93901;0,93901;0;0;0
"287";0,95;50;50;0;0,25;0,92222;0,92408;0,92408;0;0;0
"288";0,95;50;50;1;10;0;0;0;0;0;0
"289";0,95;50;50;1;4;0;0;0;0;0;0
"290";0,95;50;50;1;2;0;0;0;0;0;0
"291";0,95;50;50;1;1;0,00411;0,00423;0,00423;0;0;0
"292";0,95;50;50;1;0,1;0,80421;0,80793;0,80793;0;0;0
"293";0,95;50;50;1;0,5;0,16861;0,17144;0,17144;0;2,000000000002e-05;2,000000000002e-05
"294";0,95;50;50;1;0,25;0,54501;0,55065;0,55065;0;9,99999999995449e-06;9,99999999995449e-06
"295";0,95;50;50;2;10;0;0;0;0;0;0
"296";0,95;50;50;2;4;0;0;0;0;0;0
"297";0,95;50;50;2;2;0;0;0;0;0;0
"298";0,95;50;50;2;1;0;0;0;0;0;0
"299";0,95;50;50;2;0,1;0,62986;0,63582;0,63582;9,99999999995449e-06;1,00000000000655e-05;1,00000000000655e-05
"300";0,95;50;50;2;0,5;0,00093;0,00095;0,00095;0;0;0
"301";0,95;50;50;2;0,25;0,1404;0,14474;0,14474;0;1,000000000001e-05;1,000000000001e-05
"302";0,95;50;50;3;10;0;0;0;0;0;0
"303";0,95;50;50;3;4;0;0;0;0;0;0
"304";0,95;50;50;3;2;0;0;0;0;0;0
"305";0,95;50;50;3;1;0;0;0;0;0;0
"306";0,95;50;50;3;0,1;0,43059;0,43749;0,43749;0;0;0
"307";0,95;50;50;3;0,5;0;0;0;0;0;0
"308";0,95;50;50;3;0,25;0,01429;0,01504;0,01504;0;0;0
"309";0,95;50;50;4;10;0;0;0;0;0;0
"310";0,95;50;50;4;4;0;0;0;0;0;0
"311";0,95;50;50;4;2;0;0;0;0;0;0
"312";0,95;50;50;4;1;0;0;0;0;0;0
"313";0,95;50;50;4;0,1;0,2568;0,2625;0,2625;1,99999999999645e-05;0;0
"314";0,95;50;50;4;0,5;0;0;0;0;0;0
"315";0,95;50;50;4;0,25;0,00072;8e-04;8e-04;0;0;0
