"conf.level";"n1";"n2";"m1-m2";"sd1/sd2";"p_Cohen_NH0";"p_Shieh_NH0";"p_transfoshieh_NH0";"CICohen_vs_Student";"CIShieh_vs_Welch";"CItransfoShieh_vs_Welch"
"1";0,95;100;100;0;10;0,94807;0,9494;0,9494;0;0;0
"2";0,95;100;100;0;4;0,94895;0,95014;0,95014;0;0;0
"3";0,95;100;100;0;2;0,94931;0,94974;0,94974;0;0;0
"4";0,95;100;100;0;1;0,95019;0,95019;0,95019;0;0;0
"5";0,95;100;100;0;0,1;0,94762;0,94889;0,94889;0;0;0
"6";0,95;100;100;0;0,5;0,94947;0,95;0,95;0;0;0
"7";0,95;100;100;0;0,25;0,94919;0,95016;0,95016;0;0;0
"8";0,95;100;100;1;10;0;0;0;0;0;0
"9";0,95;100;100;1;4;0;0;0;0;0;0
"10";0,95;100;100;1;2;0;0;0;0;0;0
"11";0,95;100;100;1;1;0;0;0;0;0;0
"12";0,95;100;100;1;0,1;0,83044;0,8336;0,8336;0;0;0
"13";0,95;100;100;1;0,5;0,00636;0,00645;0,00645;0;0;0
"14";0,95;100;100;1;0,25;0,32423;0,32755;0,32755;0;0;0
"15";0,95;100;100;2;10;0;0;0;0;0;0
"16";0,95;100;100;2;4;0;0;0;0;0;0
"17";0,95;100;100;2;2;0;0;0;0;0;0
"18";0,95;100;100;2;1;0;0;0;0;0;0
"19";0,95;100;100;2;0,1;0,49016;0,49487;0,49487;0;0;0
"20";0,95;100;100;2;0,5;0;0;0;0;0;0
"21";0,95;100;100;2;0,25;0,00198;0,00204;0,00204;0;0;0
"22";0,95;100;100;3;10;0;0;0;0;0;0
"23";0,95;100;100;3;4;0;0;0;0;0;0
"24";0,95;100;100;3;2;0;0;0;0;0;0
"25";0,95;100;100;3;1;0;0;0;0;0;0
"26";0,95;100;100;3;0,1;0,1582;0,16103;0,16103;0;0;0
"27";0,95;100;100;3;0,5;0;0;0;0;0;0
"28";0,95;100;100;3;0,25;0;0;0;0;0;0
"29";0,95;100;100;4;10;0;0;0;0;0;0
"30";0,95;100;100;4;4;0;0;0;0;0;0
"31";0,95;100;100;4;2;0;0;0;0;0;0
"32";0,95;100;100;4;1;0;0;0;0;0;0
"33";0,95;100;100;4;0,1;0,02324;0,02377;0,02377;0;0;0
"34";0,95;100;100;4;0,5;0;0;0;0;0;0
"35";0,95;100;100;4;0,25;0;0;0;0;0;0
"36";0,95;100;20;0;10;0,99996;0,95067;0,95067;0;0;0
"37";0,95;100;20;0;4;0,99987;0,94947;0,94947;0;0;0
"38";0,95;100;20;0;2;0,99693;0,95142;0,95142;0;0;0
"39";0,95;100;20;0;1;0,95082;0,9502;0,9502;0;0;0
"40";0,95;100;20;0;0,1;0,62014;0,95061;0,95061;0;0;0
"41";0,95;100;20;0;0,5;0,79788;0,9496;0,9496;0;0;0
"42";0,95;100;20;0;0,25;0,67371;0,94919;0,94919;0;0;0
"43";0,95;100;20;1;10;0;0;0;0;0;0
"44";0,95;100;20;1;4;1e-05;0;0;0;0;0
"45";0,95;100;20;1;2;0,00018;0;0;0;0;0
"46";0,95;100;20;1;1;0,0181;0,02298;0,02298;0;0;0
"47";0,95;100;20;1;0,1;0,5724;0,92906;0,92906;0;0;0
"48";0,95;100;20;1;0,5;0,18531;0,45462;0,45462;0;0;0
"49";0,95;100;20;1;0,25;0,43556;0,81812;0,81812;0;0;0
"50";0,95;100;20;2;10;0;0;0;0;0;0
"51";0,95;100;20;2;4;0;0;0;0;0;0
"52";0,95;100;20;2;2;0;0;0;0;0;0
"53";0,95;100;20;2;1;0;0;0;0;0;0
"54";0,95;100;20;2;0,1;0,45744;0,86613;0,86613;0;0;0
"55";0,95;100;20;2;0,5;0,00124;0,0132;0,0132;0;0;0
"56";0,95;100;20;2;0,25;0,11139;0,44108;0,44108;0;0;0
"57";0,95;100;20;3;10;0;0;0;0;0;0
"58";0,95;100;20;3;4;0;0;0;0;0;0
"59";0,95;100;20;3;2;0;0;0;0;0;0
"60";0,95;100;20;3;1;0;0;0;0;0;0
"61";0,95;100;20;3;0,1;0,31138;0,75583;0,75583;0;0;0
"62";0,95;100;20;3;0,5;0;0;0;0;0;0
"63";0,95;100;20;3;0,25;0,00979;0,11192;0,11192;0;0;0
"64";0,95;100;20;4;10;0;0;0;0;0;0
"65";0,95;100;20;4;4;0;0;0;0;0;0
"66";0,95;100;20;4;2;0;0;0;0;0;0
"67";0,95;100;20;4;1;0;0;0;0;0;0
"68";0,95;100;20;4;0,1;0,18241;0,60887;0,60887;0;0;0
"69";0,95;100;20;4;0,5;0;0;0;0;0;0
"70";0,95;100;20;4;0,25;0,00027;0,0111;0,0111;0;0;0
"71";0,95;100;50;0;10;0,99319;0,94973;0,94973;0;0;0
"72";0,95;100;50;0;4;0,99159;0,95188;0,95188;0;0;0
"73";0,95;100;50;0;2;0,98345;0,94927;0,94927;0;0;0
"74";0,95;100;50;0;1;0,94979;0,94987;0,94987;0;0;0
"75";0,95;100;50;0;0,1;0,83351;0,95086;0,95086;0;0;0
"76";0,95;100;50;0;0,5;0,88859;0,94894;0,94894;0;0;0
"77";0,95;100;50;0;0,25;0,8476;0,94892;0,94892;0;0;0
"78";0,95;100;50;1;10;0;0;0;0;0;0
"79";0,95;100;50;1;4;0;0;0;0;0;0
"80";0,95;100;50;1;2;0;0;0;0;0;0
"81";0,95;100;50;1;1;7e-05;6e-05;6e-05;0;0;0
"82";0,95;100;50;1;0,1;0,73309;0,89222;0,89222;0;0;0
"83";0,95;100;50;1;0,5;0,0426;0,09274;0,09274;9,99999999999612e-06;0;0
"84";0,95;100;50;1;0,25;0,38537;0,60032;0,60032;1,000000000001e-05;9,99999999995449e-06;9,99999999995449e-06
"85";0,95;100;50;2;10;0;0;0;0;0;0
"86";0,95;100;50;2;4;0;0;0;0;0;0
"87";0,95;100;50;2;2;0;0;0;0;0;0
"88";0,95;100;50;2;1;0;0;0;0;0;0
"89";0,95;100;50;2;0,1;0,49255;0,71624;0,71624;0;0;0
"90";0,95;100;50;2;0,5;0;0;0;0;0;0
"91";0,95;100;50;2;0,25;0,02272;0,07371;0,07371;0;0;0
"92";0,95;100;50;3;10;0;0;0;0;0;0
"93";0,95;100;50;3;4;0;0;0;0;0;0
"94";0,95;100;50;3;2;0;0;0;0;0;0
"95";0,95;100;50;3;1;0;0;0;0;0;0
"96";0,95;100;50;3;0,1;0,23632;0,45397;0,45397;0;0;0
"97";0,95;100;50;3;0,5;0;0;0;0;0;0
"98";0,95;100;50;3;0,25;4e-05;0,00079;0,00079;0;0;0
"99";0,95;100;50;4;10;0;0;0;0;0;0
"100";0,95;100;50;4;4;0;0;0;0;0;0
"101";0,95;100;50;4;2;0;0;0;0;0;0
"102";0,95;100;50;4;1;0;0;0;0;0;0
"103";0,95;100;50;4;0,1;0,07715;0,20724;0,20724;0;0;0
"104";0,95;100;50;4;0,5;0;0;0;0;0;0
"105";0,95;100;50;4;0,25;0;0;0;0;0;0
"106";0,95;20;100;0;10;0,61801;0,94916;0,94916;0;0;0
"107";0,95;20;100;0;4;0,67382;0,95006;0,95006;0;0;0
"108";0,95;20;100;0;2;0,79917;0,94912;0,94912;1,00000000000655e-05;0;0
"109";0,95;20;100;0;1;0,95005;0,94911;0,94911;0;0;0
"110";0,95;20;100;0;0,1;0,99996;0,94992;0,94992;0;0;0
"111";0,95;20;100;0;0,5;0,99698;0,94928;0,94928;0;0;0
"112";0,95;20;100;0;0,25;0,99975;0,95001;0,95001;0;0;0
"113";0,95;20;100;1;10;0,00012;0,00986;0,00986;0;0;0
"114";0,95;20;100;1;4;0,00021;0,01083;0,01083;0;0;0
"115";0,95;20;100;1;2;0,00113;0,01302;0,01302;0;0;0
"116";0,95;20;100;1;1;0,01808;0,02304;0,02304;0;0;0
"117";0,95;20;100;1;0,1;0,99929;0,83873;0,83873;0;0;0
"118";0,95;20;100;1;0,5;0,38182;0,09414;0,09414;1,000000000001e-05;0;0
"119";0,95;20;100;1;0,25;0,9522;0,42164;0,42164;0;0;0
"120";0,95;20;100;2;10;0;0;0;0;0;0
"121";0,95;20;100;2;4;0;0;0;0;0;0
"122";0,95;20;100;2;2;0;0;0;0;0;0
"123";0,95;20;100;2;1;0;0;0;0;0;0
"124";0,95;20;100;2;0,1;0,9884;0,51077;0,51077;0;0;0
"125";0,95;20;100;2;0,5;0,00017;0;0;0;0;0
"126";0,95;20;100;2;0,25;0,32398;0,00864;0,00864;0;0;0
"127";0,95;20;100;3;10;0;0;0;0;0;0
"128";0,95;20;100;3;4;0;0;0;0;0;0
"129";0,95;20;100;3;2;0;0;0;0;0;0
"130";0,95;20;100;3;1;0;0;0;0;0;0
"131";0,95;20;100;3;0,1;0,90923;0,17444;0,17444;0;0;0
"132";0,95;20;100;3;0,5;0;0;0;0;0;0
"133";0,95;20;100;3;0,25;0,00571;2e-05;2e-05;0;0;0
"134";0,95;20;100;4;10;0;0;0;0;0;0
"135";0,95;20;100;4;4;0;0;0;0;0;0
"136";0,95;20;100;4;2;0;0;0;0;0;0
"137";0,95;20;100;4;1;0;0;0;0;0;0
"138";0,95;20;100;4;0,1;0,66027;0,02788;0,02788;0;0;0
"139";0,95;20;100;4;0,5;0;0;0;0;0;0
"140";0,95;20;100;4;0,25;0;0;0;0;0;0
"141";0,95;20;20;0;10;0,94368;0,95065;0,95065;0;0;0
"142";0,95;20;20;0;4;0,94413;0,94945;0,94945;0;0;0
"143";0,95;20;20;0;2;0,94889;0,9511;0,9511;0;0;0
"144";0,95;20;20;0;1;0,9522;0,95251;0,95251;0;0;0
"145";0,95;20;20;0;0,1;0,94381;0,95065;0,95065;0;0;0
"146";0,95;20;20;0;0,5;0,94846;0,95094;0,95094;0;0;0
"147";0,95;20;20;0;0,25;0,94387;0,94916;0,94916;0;0;0
"148";0,95;20;20;1;10;0,00837;0,01002;0,01002;0;0;0
"149";0,95;20;20;1;4;0,01112;0,01321;0,01321;0;0;0
"150";0,95;20;20;1;2;0,02592;0,02758;0,02758;0;0;0
"151";0,95;20;20;1;1;0,12949;0,13021;0,13021;0;0;0
"152";0,95;20;20;1;0,1;0,92019;0,92864;0,92864;0;0;0
"153";0,95;20;20;1;0,5;0,5046;0,51375;0,51375;0;0;0
"154";0,95;20;20;1;0,25;0,81054;0,82292;0,82292;0;0;0
"155";0,95;20;20;2;10;0;0;0;0;0;0
"156";0,95;20;20;2;4;0;0;0;0;0;0
"157";0,95;20;20;2;2;0;0;0;0;0;0
"158";0,95;20;20;2;1;0;0;0;0;0;0
"159";0,95;20;20;2;0,1;0,85404;0,86721;0,86721;0;0;0
"160";0,95;20;20;2;0,5;0,02583;0,02761;0,02761;0;0;0
"161";0,95;20;20;2;0,25;0,438;0,45855;0,45855;0;0;0
"162";0,95;20;20;3;10;0;0;0;0;0;0
"163";0,95;20;20;3;4;0;0;0;0;0;0
"164";0,95;20;20;3;2;0;0;0;0;0;0
"165";0,95;20;20;3;1;0;0;0;0;0;0
"166";0,95;20;20;3;0,1;0,73785;0,75713;0,75713;0;0;0
"167";0,95;20;20;3;0,5;3e-05;4e-05;4e-05;0;0;0
"168";0,95;20;20;3;0,25;0,11493;0,12568;0,12568;0;0;0
"169";0,95;20;20;4;10;0;0;0;0;0;0
"170";0,95;20;20;4;4;0;0;0;0;0;0
"171";0,95;20;20;4;2;0;0;0;0;0;0
"172";0,95;20;20;4;1;0;0;0;0;0;0
"173";0,95;20;20;4;0,1;0,58605;0,60926;0,60926;0;0;0
"174";0,95;20;20;4;0,5;0;0;0;0;0;0
"175";0,95;20;20;4;0,25;0,0113;0,01302;0,01302;0;0;0
"176";0,95;20;50;0;10;0,77932;0,94923;0,94923;0;0;0
"177";0,95;20;50;0;4;0,80561;0,94859;0,94859;0;0;0
"178";0,95;20;50;0;2;0,86537;0,94844;0,94844;0;0;0
"179";0,95;20;50;0;1;0,95114;0,95005;0,95005;0;0;0
"180";0,95;20;50;0;0,1;0,99706;0,95008;0,95008;0;0;0
"181";0,95;20;50;0;0,5;0,98792;0,95068;0,95068;0;0;0
"182";0,95;20;50;0;0,25;0,99591;0,94963;0,94963;0;0;0
"183";0,95;20;50;1;10;0,00067;0,01071;0,01071;0;0;0
"184";0,95;20;50;1;4;0,00092;0,01208;0,01208;0;0;0
"185";0,95;20;50;1;2;0,00338;0,01594;0,01594;0;0;0
"186";0,95;20;50;1;1;0,03781;0,04178;0,04178;0;0;0
"187";0,95;20;50;1;0,1;0,98952;0,89479;0,89479;0;0;0
"188";0,95;20;50;1;0,5;0,4301;0,22292;0,22292;0;0;0
"189";0,95;20;50;1;0,25;0,90012;0,63575;0,63575;0;0;0
"190";0,95;20;50;2;10;0;0;0;0;0;0
"191";0,95;20;50;2;4;0;0;0;0;0;0
"192";0,95;20;50;2;2;0;0;0;0;0;0
"193";0,95;20;50;2;1;0;0;0;0;0;0
"194";0,95;20;50;2;0,1;0,9501;0,72116;0,72116;0;0;0
"195";0,95;20;50;2;0,5;0,0018;0,00016;0,00016;0;0;0
"196";0,95;20;50;2;0,25;0,37988;0,09978;0,09978;0;0;0
"197";0,95;20;50;3;10;0;0;0;0;0;0
"198";0,95;20;50;3;4;0;0;0;0;0;0
"199";0,95;20;50;3;2;0;0;0;0;0;0
"200";0,95;20;50;3;1;0;0;0;0;0;0
"201";0,95;20;50;3;0,1;0,83544;0,4594;0,4594;0;0;0
"202";0,95;20;50;3;0,5;0;0;0;0;0;0
"203";0,95;20;50;3;0,25;0,02985;0,00189;0,00189;0;0;0
"204";0,95;20;50;4;10;0;0;0;0;0;0
"205";0,95;20;50;4;4;0;0;0;0;0;0
"206";0,95;20;50;4;2;0;0;0;0;0;0
"207";0,95;20;50;4;1;0;0;0;0;0;0
"208";0,95;20;50;4;0,1;0,62335;0,21669;0,21669;0;0;0
"209";0,95;20;50;4;0,5;0;0;0;0;0;0
"210";0,95;20;50;4;0,25;0,00028;1e-05;1e-05;0;0;0
"211";0,95;50;100;0;10;0,83286;0,9489;0,9489;0;0;0
"212";0,95;50;100;0;4;0,84871;0,95038;0,95038;9,99999999995449e-06;9,99999999995449e-06;9,99999999995449e-06
"213";0,95;50;100;0;2;0,89092;0,95069;0,95069;0;0;0
"214";0,95;50;100;0;1;0,95047;0,95015;0,95015;0;0;0
"215";0,95;50;100;0;0,1;0,9935;0,95043;0,95043;0;0;0
"216";0,95;50;100;0;0,5;0,98318;0,95041;0,95041;0;0;0
"217";0,95;50;100;0;0,25;0,99134;0,94989;0,94989;0;0;0
"218";0,95;50;100;1;10;0;0;0;0;0;0
"219";0,95;50;100;1;4;0;0;0;0;0;0
"220";0,95;50;100;1;2;0;0;0;0;0;0
"221";0,95;50;100;1;1;7e-05;8e-05;8e-05;0;0;0
"222";0,95;50;100;1;0,1;0,95892;0,83469;0,83469;0;0;0
"223";0,95;50;100;1;0,5;0,05066;0,01849;0,01849;0;0;0
"224";0,95;50;100;1;0,25;0,62138;0,35302;0,35302;0;0;0
"225";0,95;50;100;2;10;0;0;0;0;0;0
"226";0,95;50;100;2;4;0;0;0;0;0;0
"227";0,95;50;100;2;2;0;0;0;0;0;0
"228";0,95;50;100;2;1;0;0;0;0;0;0
"229";0,95;50;100;2;0,1;0,78094;0,50214;0,50214;0;0;0
"230";0,95;50;100;2;0,5;0;0;0;0;0;0
"231";0,95;50;100;2;0,25;0,02287;0,00358;0,00358;0;0;0
"232";0,95;50;100;3;10;0;0;0;0;0;0
"233";0,95;50;100;3;4;0;0;0;0;0;0
"234";0,95;50;100;3;2;0;0;0;0;0;0
"235";0,95;50;100;3;1;0;0;0;0;0;0
"236";0,95;50;100;3;0,1;0,42359;0,16163;0,16163;0;0;0
"237";0,95;50;100;3;0,5;0;0;0;0;0;0
"238";0,95;50;100;3;0,25;0;0;0;0;0;0
"239";0,95;50;100;4;10;0;0;0;0;0;0
"240";0,95;50;100;4;4;0;0;0;0;0;0
"241";0,95;50;100;4;2;0;0;0;0;0;0
"242";0,95;50;100;4;1;0;0;0;0;0;0
"243";0,95;50;100;4;0,1;0,1211;0,02484;0,02484;0;0;0
"244";0,95;50;100;4;0,5;0;0;0;0;0;0
"245";0,95;50;100;4;0,25;0;0;0;0;0;0
"246";0,95;50;20;0;10;0,99732;0,94997;0,94997;0;0;0
"247";0,95;50;20;0;4;0,99552;0,95031;0,95031;0;0;0
"248";0,95;50;20;0;2;0,98797;0,94909;0,94909;0;0;0
"249";0,95;50;20;0;1;0,94825;0,94862;0,94862;0;0;0
"250";0,95;50;20;0;0,1;0,78065;0,94929;0,94929;0;0;0
"251";0,95;50;20;0;0,5;0,86588;0,94947;0,94947;0;0;0
"252";0,95;50;20;0;0,25;0,80352;0,95001;0,95001;0;0;0
"253";0,95;50;20;1;10;0,00011;0;0;0;0;0
"254";0,95;50;20;1;4;0,00021;0;0;0;0;0
"255";0,95;50;20;1;2;0,00222;0,00019;0,00019;0;0;0
"256";0,95;50;20;1;1;0,0381;0,04223;0,04223;0;0;0
"257";0,95;50;20;1;0,1;0,73572;0,92993;0,92993;1,00000000000655e-05;0;0
"258";0,95;50;20;1;0,5;0,27301;0,47062;0,47062;0;0;0
"259";0,95;50;20;1;0,25;0,57643;0,81639;0,81639;0;0;0
"260";0,95;50;20;2;10;0;0;0;0;0;0
"261";0,95;50;20;2;4;0;0;0;0;0;0
"262";0,95;50;20;2;2;0;0;0;0;0;0
"263";0,95;50;20;2;1;0;0;0;0;0;0
"264";0,95;50;20;2;0,1;0,62212;0,86692;0,86692;0;0;0
"265";0,95;50;20;2;0,5;0,00292;0,01624;0,01624;0;0;0
"266";0,95;50;20;2;0,25;0,19099;0,44914;0,44914;0;0;0
"267";0,95;50;20;3;10;0;0;0;0;0;0
"268";0,95;50;20;3;4;0;0;0;0;0;0
"269";0,95;50;20;3;2;0;0;0;0;0;0
"270";0,95;50;20;3;1;0;0;0;0;0;0
"271";0,95;50;20;3;0,1;0,45966;0,75583;0,75583;0;0;0
"272";0,95;50;20;3;0,5;0;0;0;0;0;0
"273";0,95;50;20;3;0,25;0,02337;0,11592;0,11592;0;0;0
"274";0,95;50;20;4;10;0;0;0;0;0;0
"275";0,95;50;20;4;4;0;0;0;0;0;0
"276";0,95;50;20;4;2;0;0;0;0;0;0
"277";0,95;50;20;4;1;0;0;0;0;0;0
"278";0,95;50;20;4;0,1;0,2992;0,60836;0,60836;0;0;0
"279";0,95;50;20;4;0,5;0;0;0;0;0;0
"280";0,95;50;20;4;0,25;0,00109;0,01174;0,01174;0;0;0
"281";0,95;50;50;0;10;0,94683;0,94953;0,94953;0;0;0
"282";0,95;50;50;0;4;0,94868;0,95111;0,95111;9,99999999995449e-06;0;0
"283";0,95;50;50;0;2;0,94835;0,94943;0,94943;0;0;0
"284";0,95;50;50;0;1;0,95083;0,95089;0,95089;0;0;0
"285";0,95;50;50;0;0,1;0,94732;0,94989;0,94989;0;0;0
"286";0,95;50;50;0;0,5;0,9483;0,94915;0,94915;0;0;0
"287";0,95;50;50;0;0,25;0,9472;0,94915;0,94915;0;0;0
"288";0,95;50;50;1;10;1e-05;1e-05;1e-05;0;0;0
"289";0,95;50;50;1;4;0;0;0;0;0;0
"290";0,95;50;50;1;2;0;0;0;0;0;0
"291";0,95;50;50;1;1;0,00136;0,00136;0,00136;0;0;0
"292";0,95;50;50;1;0,1;0,88927;0,8936;0,8936;9,99999999995449e-06;0;0
"293";0,95;50;50;1;0,5;0,12047;0,12236;0,12236;0;0;0
"294";0,95;50;50;1;0,25;0,60265;0,61044;0,61044;1,00000000000655e-05;0;0
"295";0,95;50;50;2;10;0;0;0;0;0;0
"296";0,95;50;50;2;4;0;0;0;0;0;0
"297";0,95;50;50;2;2;0;0;0;0;0;0
"298";0,95;50;50;2;1;0;0;0;0;0;0
"299";0,95;50;50;2;0,1;0,71214;0,72012;0,72012;0;0;0
"300";0,95;50;50;2;0,5;1e-05;1e-05;1e-05;0;0;0
"301";0,95;50;50;2;0,25;0,07502;0,07772;0,07772;0;0;0
"302";0,95;50;50;3;10;0;0;0;0;0;0
"303";0,95;50;50;3;4;0;0;0;0;0;0
"304";0,95;50;50;3;2;0;0;0;0;0;0
"305";0,95;50;50;3;1;0;0;0;0;0;0
"306";0,95;50;50;3;0,1;0,44787;0,45741;0,45741;0;0;0
"307";0,95;50;50;3;0,5;0;0;0;0;0;0
"308";0,95;50;50;3;0,25;0,00075;0,00084;0,00084;0;0;0
"309";0,95;50;50;4;10;0;0;0;0;0;0
"310";0,95;50;50;4;4;0;0;0;0;0;0
"311";0,95;50;50;4;2;0;0;0;0;0;0
"312";0,95;50;50;4;1;0;0;0;0;0;0
"313";0,95;50;50;4;0,1;0,20641;0,21294;0,21294;1,000000000001e-05;0;0
"314";0,95;50;50;4;0,5;0;0;0;0;0;0
"315";0,95;50;50;4;0,25;0;0;0;0;0;0
