"conf.level";"n1";"n2";"m1-m2";"sd1/sd2";"p_Cohen_NH0";"p_Shieh_NH0";"p_transfoshieh_NH0";"CICohen_vs_Student";"CIShieh_vs_Welch";"CItransfoShieh_vs_Welch"
"1";0,95;100;100;0;10;0,95045;0,95182;0,95182;0;0;0
"2";0,95;100;100;0;4;0,9494;0,95035;0,95035;0;0;0
"3";0,95;100;100;0;2;0,95097;0,95133;0,95133;0;0;0
"4";0,95;100;100;0;1;0,95108;0,95108;0,95108;0;0;0
"5";0,95;100;100;0;0,1;0,95011;0,95124;0,95124;0;0;0
"6";0,95;100;100;0;0,5;0,94955;0,95013;0,95013;0;0;0
"7";0,95;100;100;0;0,25;0,95119;0,95226;0,95226;0;0;0
"8";0,95;100;100;1;10;6e-05;6e-05;6e-05;0;0;0
"9";0,95;100;100;1;4;2e-05;2e-05;2e-05;0;0;0
"10";0,95;100;100;1;2;4e-05;4e-05;4e-05;0;0;0
"11";0,95;100;100;1;1;0,00023;0,00023;0,00023;0;0;0
"12";0,95;100;100;1;0,1;0,82247;0,82574;0,82574;1,00000000000655e-05;0;0
"13";0,95;100;100;1;0,5;0,01085;0,01104;0,01104;0;0;0
"14";0,95;100;100;1;0,25;0,3101;0,31322;0,31322;0;0;0
"15";0,95;100;100;2;10;0;0;0;0;0;0
"16";0,95;100;100;2;4;1e-05;1e-05;1e-05;0;0;0
"17";0,95;100;100;2;2;1e-05;1e-05;1e-05;0;0;0
"18";0,95;100;100;2;1;0;0;0;0;0;0
"19";0,95;100;100;2;0,1;0,47029;0,47448;0,47448;1,000000000001e-05;1,000000000001e-05;1,000000000001e-05
"20";0,95;100;100;2;0,5;5e-05;5e-05;5e-05;0;0;0
"21";0,95;100;100;2;0,25;0,00566;0,00584;0,00584;0;0;0
"22";0,95;100;100;3;10;0;0;0;0;0;0
"23";0,95;100;100;3;4;0;0;0;0;0;0
"24";0,95;100;100;3;2;0;0;0;0;0;0
"25";0,95;100;100;3;1;0;0;0;0;0;0
"26";0,95;100;100;3;0,1;0,15413;0,15651;0,15651;1,99999999999922e-05;0;0
"27";0,95;100;100;3;0,5;1e-05;1e-05;1e-05;0;0;0
"28";0,95;100;100;3;0,25;2e-04;2e-04;2e-04;0;0;0
"29";0,95;100;100;4;10;0;0;0;0;0;0
"30";0,95;100;100;4;4;0;0;0;0;0;0
"31";0,95;100;100;4;2;0;0;0;0;0;0
"32";0,95;100;100;4;1;0;0;0;0;0;0
"33";0,95;100;100;4;0,1;0,03065;0,03158;0,03158;0;0;0
"34";0,95;100;100;4;0,5;0;0;0;0;0;0
"35";0,95;100;100;4;0,25;6e-05;7e-05;7e-05;0;0;0
"36";0,95;100;20;0;10;0,99995;0,95045;0,95045;0;0;0
"37";0,95;100;20;0;4;0,99983;0,9521;0,9521;0;0;0
"38";0,95;100;20;0;2;0,99614;0,95282;0,95282;0;0;0
"39";0,95;100;20;0;1;0,94941;0,95268;0,95268;0;0;0
"40";0,95;100;20;0;0,1;0,60695;0,95442;0,95442;0;0;0
"41";0,95;100;20;0;0,5;0,80489;0,95403;0,95403;0;0;0
"42";0,95;100;20;0;0,25;0,67456;0,95342;0,95342;0;0;0
"43";0,95;100;20;1;10;0,00142;7e-05;7e-05;0;0;0
"44";0,95;100;20;1;4;0,00169;2e-04;2e-04;0;0;0
"45";0,95;100;20;1;2;0,00297;0,00098;0,00098;0;0;0
"46";0,95;100;20;1;1;0,02346;0,03685;0,03685;0;0;0
"47";0,95;100;20;1;0,1;0,56182;0,9279;0,9279;0;0;0
"48";0,95;100;20;1;0,5;0,17416;0,39869;0,39869;0;1,000000000001e-05;1,000000000001e-05
"49";0,95;100;20;1;0,25;0,41147;0,78608;0,78608;0;0;0
"50";0,95;100;20;2;10;4e-05;0;0;0;0;0
"51";0,95;100;20;2;4;1e-05;1e-05;1e-05;0;0;0
"52";0,95;100;20;2;2;5e-05;3e-05;3e-05;0;0;0
"53";0,95;100;20;2;1;0,00018;7e-04;7e-04;0;0;0
"54";0,95;100;20;2;0,1;0,4324;0,84618;0,84618;0;2,000000000002e-05;2,000000000002e-05
"55";0,95;100;20;2;0,5;0,00435;0,02953;0,02953;0;0;0
"56";0,95;100;20;2;0,25;0,10539;0,38639;0,38639;0;1,000000000001e-05;1,000000000001e-05
"57";0,95;100;20;3;10;1e-05;0;0;0;0;0
"58";0,95;100;20;3;4;0;0;0;0;0;0
"59";0,95;100;20;3;2;1e-05;0;0;0;0;0
"60";0,95;100;20;3;1;3e-05;0,00012;0,00012;0;0;0
"61";0,95;100;20;3;0,1;0,28692;0,71087;0,71087;0;4,000000000004e-05;4,000000000004e-05
"62";0,95;100;20;3;0,5;0,00031;0,0027;0,0027;0;0;0
"63";0,95;100;20;3;0,25;0,0161;0,11408;0,11408;0;9,99999999999612e-06;9,99999999999612e-06
"64";0,95;100;20;4;10;0;0;0;0;0;0
"65";0,95;100;20;4;4;0;0;0;0;0;0
"66";0,95;100;20;4;2;0;0;0;0;0;0
"67";0,95;100;20;4;1;0;2e-05;2e-05;0;0;0
"68";0,95;100;20;4;0,1;0,16608;0,54857;0,54857;0;2,000000000002e-05;2,000000000002e-05
"69";0,95;100;20;4;0,5;4e-05;0,00068;0,00068;0;0;0
"70";0,95;100;20;4;0,25;0,00297;0,02691;0,02691;0;0;0
"71";0,95;100;50;0;10;0,99404;0,95095;0,95095;0;0;0
"72";0,95;100;50;0;4;0,99154;0,95011;0,95011;0;0;0
"73";0,95;100;50;0;2;0,98333;0,95123;0,95123;0;0;0
"74";0,95;100;50;0;1;0,95078;0,95149;0,95149;0;0;0
"75";0,95;100;50;0;0,1;0,83111;0,95136;0,95136;0;0;0
"76";0,95;100;50;0;0,5;0,89157;0,95207;0,95207;0;0;0
"77";0,95;100;50;0;0,25;0,85092;0,95151;0,95151;0;0;0
"78";0,95;100;50;1;10;0,00017;5e-05;5e-05;0;0;0
"79";0,95;100;50;1;4;0,00021;8e-05;8e-05;0;0;0
"80";0,95;100;50;1;2;0,00029;1e-04;1e-04;0;0;0
"81";0,95;100;50;1;1;0,0011;0,00156;0,00156;0;0;0
"82";0,95;100;50;1;0,1;0,72495;0,88679;0,88679;0;0;0
"83";0,95;100;50;1;0,5;0,0469;0,09582;0,09582;0;0;0
"84";0,95;100;50;1;0,25;0,36631;0,57017;0,57017;0;0;0
"85";0,95;100;50;2;10;0;0;0;0;0;0
"86";0,95;100;50;2;4;2e-05;0;0;0;0;0
"87";0,95;100;50;2;2;1e-05;0;0;0;0;0
"88";0,95;100;50;2;1;1e-05;1e-05;1e-05;0;0;0
"89";0,95;100;50;2;0,1;0,46723;0,69128;0,69128;9,99999999995449e-06;2,000000000002e-05;2,000000000002e-05
"90";0,95;100;50;2;0,5;0,00036;0,00099;0,00099;0;0;0
"91";0,95;100;50;2;0,25;0,029;0,07881;0,07881;1,00000000000031e-05;0;0
"92";0,95;100;50;3;10;0;0;0;0;0;0
"93";0,95;100;50;3;4;0;0;0;0;0;0
"94";0,95;100;50;3;2;1e-05;1e-05;1e-05;0;0;0
"95";0,95;100;50;3;1;0;0;0;0;0;0
"96";0,95;100;50;3;0,1;0,2255;0,42394;0,42394;1,000000000001e-05;0;0
"97";0,95;100;50;3;0,5;4e-05;9e-05;9e-05;0;0;0
"98";0,95;100;50;3;0,25;0,00189;0,00545;0,00545;0;0;0
"99";0,95;100;50;4;10;0;0;0;0;0;0
"100";0,95;100;50;4;4;0;0;0;0;0;0
"101";0,95;100;50;4;2;0;0;0;0;0;0
"102";0,95;100;50;4;1;0;1e-05;1e-05;0;0;0
"103";0,95;100;50;4;0,1;0,08087;0,19625;0,19625;0;4,00000000000122e-05;4,00000000000122e-05
"104";0,95;100;50;4;0,5;0;3e-05;3e-05;0;0;0
"105";0,95;100;50;4;0,25;0,00029;0,00091;0,00091;0;0;0
"106";0,95;20;20;2;10;0,00057;0,00068;0,00068;0;0;0
"107";0,95;50;100;0;10;0,83322;0,95254;0,95254;0;0;0
"108";0,95;50;100;0;4;0,8493;0,95235;0,95235;0;0;0
"109";0,95;50;100;0;2;0,89292;0,95135;0,95135;0;0;0
"110";0,95;50;100;0;1;0,95056;0,9509;0,9509;0;0;0
"111";0,95;50;100;0;0,1;0,99445;0,95164;0,95164;0;0;0
"112";0,95;50;100;0;0,5;0,98408;0,95244;0,95244;0;0;0
"113";0,95;50;100;0;0,25;0,99169;0,95061;0,95061;0;0;0
"114";0,95;50;100;1;10;0,00023;8e-04;8e-04;0;0;0
"115";0,95;50;100;1;4;0,00028;0,00086;0,00086;0;0;0
"116";0,95;50;100;1;2;0,00032;0,00093;0,00093;0;0;0
"117";0,95;50;100;1;1;0,00096;0,00143;0,00143;0;0;0
"118";0,95;50;100;1;0,1;0,95769;0,8272;0,8272;0;0;0
"119";0,95;50;100;1;0,5;0,0579;0,02415;0,02415;0;0;0
"120";0,95;50;100;1;0,25;0,59722;0,33801;0,33801;0;0;0
"121";0,95;50;100;2;10;0;1e-05;1e-05;0;0;0
"122";0,95;50;100;2;4;2e-05;3e-05;3e-05;0;0;0
"123";0,95;50;100;2;2;0;1e-05;1e-05;0;0;0
"124";0,95;50;100;2;1;1e-05;1e-05;1e-05;0;0;0
"125";0,95;50;100;2;0,1;0,75816;0,47798;0,47798;2,99999999999745e-05;1,000000000001e-05;1,000000000001e-05
"126";0,95;50;100;2;0,5;0,00029;1e-04;1e-04;0;0;0
"127";0,95;50;100;2;0,25;0,03183;0,00712;0,00712;1,99999999999992e-05;9,99999999999959e-06;9,99999999999959e-06
"128";0,95;50;100;3;10;0;0;0;0;0;0
"129";0,95;50;100;3;4;0;0;0;0;0;0
"130";0,95;50;100;3;2;1e-05;1e-05;1e-05;0;0;0
"131";0,95;50;100;3;1;0;0;0;0;0;0
"132";0,95;50;100;3;0,1;0,39603;0,15895;0,15895;1,000000000001e-05;1,000000000001e-05;1,000000000001e-05
"133";0,95;50;100;3;0,5;3e-05;1e-05;1e-05;0;0;0
"134";0,95;50;100;3;0,25;0,00113;0,00025;0,00025;0;0;0
"135";0,95;50;100;4;10;0;0;0;0;0;0
"136";0,95;50;100;4;4;0;0;0;0;0;0
"137";0,95;50;100;4;2;0;0;0;0;0;0
"138";0,95;50;100;4;1;0;0;0;0;0;0
"139";0,95;50;100;4;0,1;0,12332;0,03117;0,03117;1,99999999999922e-05;0;0
"140";0,95;50;100;4;0,5;1e-05;0;0;0;0;0
"141";0,95;50;100;4;0,25;0,00024;9e-05;9e-05;0;0;0
"142";0,95;50;20;0;10;0,99767;0,95165;0,95165;0;0;0
"143";0,95;50;20;0;4;0,99613;0,95197;0,95197;0;0;0
"144";0,95;50;20;0;2;0,98831;0,95109;0,95109;0;0;0
"145";0,95;50;20;0;1;0,94991;0,95164;0,95164;0;1,00000000000655e-05;1,00000000000655e-05
"146";0,95;50;20;0;0,1;0,77763;0,95353;0,95353;0;0;0
"147";0,95;50;20;0;0,5;0,86871;0,95229;0,95229;0;0;0
"148";0,95;50;20;0;0,25;0,80425;0,95344;0,95344;0;0;0
"149";0,95;50;20;1;10;0,00477;0,00065;0,00065;0;0;0
"150";0,95;50;20;1;4;0,00561;0,00103;0,00103;0;0;0
"151";0,95;50;20;1;2;0,0094;0,00292;0,00292;0;0;0
"152";0,95;50;20;1;1;0,04615;0,05343;0,05343;0;0;0
"153";0,95;50;20;1;0,1;0,72272;0,92674;0,92674;0;0;0
"154";0,95;50;20;1;0,5;0,25164;0,41737;0,41737;0;0;0
"155";0,95;50;20;1;0,25;0,54547;0,78942;0,78942;1,00000000000655e-05;0;0
"156";0,95;50;20;2;10;1e-04;2e-05;2e-05;0;0;0
"157";0,95;50;20;2;4;0,00013;3e-05;3e-05;0;0;0
"158";0,95;50;20;2;2;9e-05;2e-05;2e-05;0;0;0
"159";0,95;50;20;2;1;0,00036;0,00077;0,00077;0;0;0
"160";0,95;50;20;2;0,1;0,5911;0,84762;0,84762;1,9999999999909e-05;2,000000000002e-05;2,000000000002e-05
"161";0,95;50;20;2;0,5;0,00963;0,03187;0,03187;0;0;0
"162";0,95;50;20;2;0,25;0,17192;0,38832;0,38832;9,99999999998225e-06;2,000000000002e-05;2,000000000002e-05
"163";0,95;50;20;3;10;3e-05;0;0;0;0;0
"164";0,95;50;20;3;4;3e-05;1e-05;1e-05;0;0;0
"165";0,95;50;20;3;2;4e-05;0;0;0;0;0
"166";0,95;50;20;3;1;8e-05;0,00011;0,00011;0;0;0
"167";0,95;50;20;3;0,1;0,42127;0,71247;0,71247;0;1,00000000000655e-05;1,00000000000655e-05
"168";0,95;50;20;3;0,5;0,00059;0,00271;0,00271;0;0;0
"169";0,95;50;20;3;0,25;0,0329;0,11581;0,11581;0;9,99999999999612e-06;9,99999999999612e-06
"170";0,95;50;20;4;10;1e-05;0;0;0;0;0
"171";0,95;50;20;4;4;3e-05;1e-05;1e-05;0;0;0
"172";0,95;50;20;4;2;2e-05;2e-05;2e-05;0;0;0
"173";0,95;50;20;4;1;1e-05;5e-05;5e-05;0;0;0
"174";0,95;50;20;4;0,1;0,26668;0,54733;0,54733;9,99999999995449e-06;2,000000000002e-05;2,000000000002e-05
"175";0,95;50;20;4;0,5;0,00025;0,00079;0,00079;0;0;0
"176";0,95;50;20;4;0,25;0,00664;0,02823;0,02823;0;0;0
"177";0,95;50;50;0;10;0,94885;0,95158;0,95158;0;0;0
"178";0,95;50;50;0;4;0,94966;0,95196;0,95196;0;0;0
"179";0,95;50;50;0;2;0,95048;0,95154;0,95154;0;0;0
"180";0,95;50;50;0;1;0,9515;0,95164;0,95164;0;0;0
"181";0,95;50;50;0;0,1;0,94866;0,9512;0,9512;0;0;0
"182";0,95;50;50;0;0,5;0,95085;0,95191;0,95191;0;0;0
"183";0,95;50;50;0;0,25;0,95006;0,95224;0,95224;0;0;0
"184";0,95;50;50;1;10;0,00086;0,00089;0,00089;0;0;0
"185";0,95;50;50;1;4;9e-04;0,00093;0,00093;0;0;0
"186";0,95;50;50;1;2;0,00108;0,00109;0,00109;0;0;0
"187";0,95;50;50;1;1;0,0051;0,00515;0,00515;0;0;0
"188";0,95;50;50;1;0,1;0,88219;0,88693;0,88693;0;0;0
"189";0,95;50;50;1;0,5;0,11952;0,12127;0,12127;0;9,99999999999612e-06;9,99999999999612e-06
"190";0,95;50;50;1;0,25;0,57084;0,5786;0,5786;0;0;0
"191";0,95;50;50;2;10;3e-05;3e-05;3e-05;0;0;0
"192";0,95;50;50;2;4;3e-05;3e-05;3e-05;0;0;0
"193";0,95;50;50;2;2;2e-05;2e-05;2e-05;0;0;0
"194";0,95;50;50;2;1;4e-05;5e-05;5e-05;0;0;0
"195";0,95;50;50;2;0,1;0,68619;0,69442;0,69442;4,99999999999945e-05;0;0
"196";0,95;50;50;2;0,5;0,00111;0,00115;0,00115;0;0;0
"197";0,95;50;50;2;0,25;0,08014;0,0826;0,0826;2,00000000000061e-05;0;0
"198";0,95;50;50;3;10;3e-05;3e-05;3e-05;0;0;0
"199";0,95;50;50;3;4;1e-05;1e-05;1e-05;0;0;0
"200";0,95;50;50;3;2;1e-05;2e-05;2e-05;0;0;0
"201";0,95;50;50;3;1;1e-05;1e-05;1e-05;0;0;0
"202";0,95;50;50;3;0,1;0,41575;0,42428;0,42428;0;1,99999999999645e-05;1,99999999999645e-05
"203";0,95;50;50;3;0,5;0,00012;0,00012;0,00012;0;0;0
"204";0,95;50;50;3;0,25;0,0052;0,00545;0,00545;0;0;0
"205";0,95;50;50;4;10;0;0;0;0;0;0
"206";0,95;50;50;4;4;1e-05;1e-05;1e-05;0;0;0
"207";0,95;50;50;4;2;1e-05;1e-05;1e-05;0;0;0
"208";0,95;50;50;4;1;1e-05;1e-05;1e-05;0;0;0
"209";0,95;50;50;4;0,1;0,19161;0,19761;0,19761;0;1,000000000001e-05;1,000000000001e-05
"210";0,95;50;50;4;0,5;3e-05;3e-05;3e-05;0;0;0
"211";0,95;50;50;4;0,25;0,00089;0,00095;0,00095;0;0;0
"212";0,95;20;100;0;10;0,6074;0,95421;0,95421;0;0;0
"213";0,95;20;100;0;4;0,67145;0,95374;0,95374;0;0;0
"214";0,95;20;100;0;2;0,80119;0,95407;0,95407;0;0;0
"215";0,95;20;100;0;1;0,95021;0,95329;0,95329;0;0;0
"216";0,95;20;100;0;0,1;0,99995;0,95109;0,95109;0;0;0
"217";0,95;20;100;0;0,5;0,99585;0,95139;0,95139;0;0;0
"218";0,95;20;100;0;0,25;0,99981;0,95265;0,95265;0;0;0
"219";0,95;20;100;1;10;0,00246;0,02653;0,02653;0;0;0
"220";0,95;20;100;1;4;0,00305;0,02707;0,02707;0;0;0
"221";0,95;20;100;1;2;0,00451;0,02921;0,02921;0;0;0
"222";0,95;20;100;1;1;0,02386;0,03679;0,03679;0;0;0
"223";0,95;20;100;1;0,1;0,99933;0,82936;0,82936;0;0;0
"224";0,95;20;100;1;0,5;0,36068;0,09747;0,09747;1,000000000001e-05;0;0
"225";0,95;20;100;1;0,25;0,9383;0,4019;0,4019;0;0;0
"226";0,95;20;100;2;10;4e-05;0,00056;0,00056;0;0;0
"227";0,95;20;100;2;4;6e-05;0,00061;0,00061;0;0;0
"228";0,95;20;100;2;2;9e-05;0,00069;0,00069;0;0;0
"229";0,95;20;100;2;1;0,00021;0,00081;0,00081;0;0;0
"230";0,95;20;100;2;0,1;0,98504;0,49006;0,49006;1,00000000000655e-05;0;0
"231";0,95;20;100;2;0,5;0,00268;0,00093;0,00093;0;0;0
"232";0,95;20;100;2;0,25;0,30658;0,0151;0,0151;6,00000000000045e-05;0;0
"233";0,95;20;100;3;10;1e-05;5e-05;5e-05;0;0;0
"234";0,95;20;100;3;4;1e-05;4e-05;4e-05;0;0;0
"235";0,95;20;100;3;2;3e-05;0,00012;0,00012;0;0;0
"236";0,95;20;100;3;1;3e-05;9e-05;9e-05;0;0;0
"237";0,95;20;100;3;0,1;0,88616;0,17148;0,17148;9,99999999995449e-06;1,99999999999922e-05;1,99999999999922e-05
"238";0,95;20;100;3;0,5;3e-04;0,00012;0,00012;0;0;0
"239";0,95;20;100;3;0,25;0,0162;0,00063;0,00063;0;0;0
"240";0,95;20;100;4;10;0;0;0;0;0;0
"241";0,95;20;100;4;4;0;0;0;0;0;0
"242";0,95;20;100;4;2;2e-05;6e-05;6e-05;0;0;0
"243";0,95;20;100;4;1;1e-05;2e-05;2e-05;0;0;0
"244";0,95;20;100;4;0,1;0,60954;0,03542;0,03542;5,9999999999949e-05;1,00000000000031e-05;1,00000000000031e-05
"245";0,95;20;100;4;0,5;5e-05;6e-05;6e-05;0;0;0
"246";0,95;20;100;4;0,25;0,00187;0,00014;0,00014;0;0;0
"247";0,95;20;20;0;10;0,94766;0,95424;0,95424;0;0;0
"248";0,95;20;20;0;4;0,94865;0,95385;0,95385;0;0;0
"249";0,95;20;20;0;2;0,95034;0,95266;0,95266;0;0;0
"250";0,95;20;20;0;1;0,95335;0,9539;0,9539;0;0;0
"251";0,95;20;20;0;0,1;0,94688;0,9541;0,9541;0;0;0
"252";0,95;20;20;0;0,5;0,95129;0,95372;0,95372;0;0;0
"253";0,95;20;20;0;0,25;0,94667;0,95172;0,95172;0;0;0
"254";0,95;20;20;1;10;0,02375;0,02659;0,02659;0;0;0
"255";0,95;20;20;1;4;0,02671;0,02956;0,02956;0;0;0
"256";0,95;20;20;1;2;0,03948;0,04174;0,04174;0;0;0
"257";0,95;20;20;1;1;0,12898;0,13071;0,13071;0;0;0
"258";0,95;20;20;1;0,1;0,91792;0,92733;0,92733;0;0;0
"259";0,95;20;20;1;0,5;0,45863;0,46781;0,46781;0;0;0
"260";0,95;20;20;1;0,25;0,78019;0,79327;0,79327;0;0;0
"261";0,95;20;20;2;4;0,00057;6e-04;6e-04;0;0;0
"262";0,95;20;20;2;2;6e-04;0,00066;0,00066;0;0;0
"263";0,95;20;20;2;1;0,00172;0,00179;0,00179;0;0;0
"264";0,95;20;20;2;0,1;0,83346;0,84746;0,84746;2,000000000002e-05;2,000000000002e-05;2,000000000002e-05
"265";0,95;20;20;2;0,5;0,03916;0,04116;0,04116;1,00000000000031e-05;1,00000000000031e-05;1,00000000000031e-05
"266";0,95;20;20;2;0,25;0,38591;0,40306;0,40306;0;9,99999999995449e-06;9,99999999995449e-06
"267";0,95;20;20;3;10;8e-05;9e-05;9e-05;0;0;0
"268";0,95;20;20;3;4;0,00016;0,00017;0,00017;0;0;0
"269";0,95;20;20;3;2;1e-04;0,00012;0,00012;0;0;0
"270";0,95;20;20;3;1;0,00019;2e-04;2e-04;0;0;0
"271";0,95;20;20;3;0,1;0,69219;0,71182;0,71182;9,99999999995449e-06;9,99999999995449e-06;9,99999999995449e-06
"272";0,95;20;20;3;0,5;0,00316;0,00344;0,00344;0;0;0
"273";0,95;20;20;3;0,25;0,11403;0,12316;0,12316;2,00000000000061e-05;1,000000000001e-05;1,000000000001e-05
"274";0,95;20;20;4;10;2e-05;3e-05;3e-05;0;0;0
"275";0,95;20;20;4;4;4e-05;5e-05;5e-05;0;0;0
"276";0,95;20;20;4;2;1e-05;1e-05;1e-05;0;0;0
"277";0,95;20;20;4;1;7e-05;8e-05;8e-05;0;0;0
"278";0,95;20;20;4;0,1;0,52694;0,54991;0,54991;9,99999999995449e-06;2,000000000002e-05;2,000000000002e-05
"279";0,95;20;20;4;0,5;7e-04;0,00077;0,00077;0;0;0
"280";0,95;20;20;4;0,25;0,02722;0,02999;0,02999;9,99999999999959e-06;0;0
"281";0,95;20;50;0;10;0,7737;0,95311;0,95311;0;0;0
"282";0,95;20;50;0;4;0,80441;0,95378;0,95378;0;0;0
"283";0,95;20;50;0;2;0,86998;0,95304;0,95304;0;0;0
"284";0,95;20;50;0;1;0,95008;0,952;0,952;0;0;0
"285";0,95;20;50;0;0,1;0,99764;0,953;0,953;0;0;0
"286";0,95;20;50;0;0,5;0,98873;0,95169;0,95169;0;0;0
"287";0,95;20;50;0;0,25;0,99611;0,95187;0,95187;0;0;0
"288";0,95;20;50;1;10;0,00584;0,02664;0,02664;0;0;0
"289";0,95;20;50;1;4;0,00678;0,02777;0,02777;0;0;0
"290";0,95;20;50;1;2;0,00977;0,03125;0,03125;0;0;0
"291";0,95;20;50;1;1;0,04706;0,05345;0,05345;0;0;0
"292";0,95;20;50;1;0,1;0,98968;0,8877;0,8877;0;0;0
"293";0,95;20;50;1;0,5;0,40178;0,21128;0,21128;0;0;0
"294";0,95;20;50;1;0,25;0,87969;0,60915;0,60915;0;9,99999999995449e-06;9,99999999995449e-06
"295";0,95;20;50;2;10;0,00022;0,00064;0,00064;0;0;0
"296";0,95;20;50;2;4;0,00016;0,00061;0,00061;0;0;0
"297";0,95;20;50;2;2;0,00013;0,00053;0,00053;0;0;0
"298";0,95;20;50;2;1;0,00036;0,00085;0,00085;0;0;0
"299";0,95;20;50;2;0,1;0,94123;0,69714;0,69714;1,00000000000655e-05;4,99999999999945e-05;4,99999999999945e-05
"300";0,95;20;50;2;0,5;0,00891;0,00324;0,00324;0;0;0
"301";0,95;20;50;2;0,25;0,3488;0,10351;0,10351;0;0;0
"302";0,95;20;50;3;10;4e-05;8e-05;8e-05;0;0;0
"303";0,95;20;50;3;4;2e-05;0,00012;0,00012;0;0;0
"304";0,95;20;50;3;2;3e-05;9e-05;9e-05;0;0;0
"305";0,95;20;50;3;1;5e-05;0,00011;0,00011;0;0;0
"306";0,95;20;50;3;0,1;0,80309;0,43018;0,43018;0;1,000000000001e-05;1,000000000001e-05
"307";0,95;20;50;3;0,5;0,00057;0,00022;0,00022;0;0;0
"308";0,95;20;50;3;0,25;0,04615;0,00735;0,00735;0;0;0
"309";0,95;20;50;4;10;1e-05;3e-05;3e-05;0;0;0
"310";0,95;20;50;4;4;2e-05;4e-05;4e-05;0;0;0
"311";0,95;20;50;4;2;0;2e-05;2e-05;0;0;0
"312";0,95;20;50;4;1;1e-05;3e-05;3e-05;0;0;0
"313";0,95;20;50;4;0,1;0,57176;0,20477;0,20477;2,000000000002e-05;3,00000000000022e-05;3,00000000000022e-05
"314";0,95;20;50;4;0,5;0,00015;5e-05;5e-05;0;0;0
"315";0,95;20;50;4;0,25;0,0057;0,00099;0,00099;0;0;0
