"conf.level";"n1";"n2";"m1-m2";"sd1/sd2";"p_Cohen_NH0";"p_Shieh_NH0";"p_transfoshieh_NH0";"CICohen_vs_Student";"CIShieh_vs_Welch";"CItransfoShieh_vs_Welch"
"1";0,95;100;100;0;10;0,93196;0,93289;0,93289;1,00000000000655e-05;9,99999999995449e-06;9,99999999995449e-06
"2";0,95;100;100;0;4;0,93611;0,93674;0,93674;9,99999999995449e-06;0;0
"3";0,95;100;100;0;2;0,94009;0,94032;0,94032;0;1,00000000000655e-05;1,00000000000655e-05
"4";0,95;100;100;0;1;0,94998;0,94999;0,94999;1,00000000000655e-05;0;0
"5";0,95;100;100;0;0,1;0,96311;0,96377;0,96377;0;1,00000000000655e-05;1,00000000000655e-05
"6";0,95;100;100;0;0,5;0,95854;0,95895;0,95895;9,99999999995449e-06;0;0
"7";0,95;100;100;0;0,25;0,96139;0,96194;0,96194;0;0;0
"8";0,95;100;100;1;10;0,00016;0,00016;0,00016;0;0;0
"9";0,95;100;100;1;4;0,00022;0,00022;0,00022;0;0;0
"10";0,95;100;100;1;2;0,00017;0,00017;0,00017;0;0;0
"11";0,95;100;100;1;1;0,00019;0,00019;0,00019;0;0;0
"12";0,95;100;100;1;0,1;0,75927;0,76167;0,76167;9,99999999995449e-06;1,9999999999909e-05;1,9999999999909e-05
"13";0,95;100;100;1;0,5;0,00187;0,00188;0,00188;0;0;0
"14";0,95;100;100;1;0,25;0,18997;0,19167;0,19167;1,000000000001e-05;3,00000000000022e-05;3,00000000000022e-05
"15";0,95;100;100;2;10;1e-05;1e-05;1e-05;0;0;0
"16";0,95;100;100;2;4;0;0;0;0;0;0
"17";0,95;100;100;2;2;1e-05;1e-05;1e-05;0;0;0
"18";0,95;100;100;2;1;1e-05;1e-05;1e-05;0;0;0
"19";0,95;100;100;2;0,1;0,3454;0,34817;0,34817;1,000000000001e-05;9,99999999995449e-06;9,99999999995449e-06
"20";0,95;100;100;2;0,5;2e-05;2e-05;2e-05;0;0;0
"21";0,95;100;100;2;0,25;0,00035;0,00035;0,00035;0;0;0
"22";0,95;100;100;3;10;0;0;0;0;0;0
"23";0,95;100;100;3;4;0;0;0;0;0;0
"24";0,95;100;100;3;2;0;0;0;0;0;0
"25";0,95;100;100;3;1;1e-05;1e-05;1e-05;0;0;0
"26";0,95;100;100;3;0,1;0,0659;0,06694;0,06694;0;9,99999999999612e-06;9,99999999999612e-06
"27";0,95;100;100;3;0,5;1e-05;1e-05;1e-05;0;0;0
"28";0,95;100;100;3;0,25;1e-05;1e-05;1e-05;0;0;0
"29";0,95;100;100;4;10;0;0;0;0;0;0
"30";0,95;100;100;4;4;0;0;0;0;0;0
"31";0,95;100;100;4;2;1e-05;1e-05;1e-05;0;0;0
"32";0,95;100;100;4;1;1e-05;1e-05;1e-05;0;0;0
"33";0,95;100;100;4;0,1;0,00471;0,0048;0,0048;0;9,99999999999959e-06;9,99999999999959e-06
"34";0,95;100;100;4;0,5;1e-05;1e-05;1e-05;0;0;0
"35";0,95;100;100;4;0,25;0;0;0;0;0;0
"36";0,95;100;20;0;10;0,99925;0,93545;0,93545;0;0;0
"37";0,95;100;20;0;4;0,99746;0,94313;0,94313;0;0;0
"38";0,95;100;20;0;2;0,98701;0,95581;0,95581;0;0;0
"39";0,95;100;20;0;1;0,94316;0,96531;0,96531;9,99999999995449e-06;0;0
"40";0,95;100;20;0;0,1;0,78924;0,97005;0,97005;1,00000000000655e-05;0;0
"41";0,95;100;20;0;0,5;0,8676;0,96901;0,96901;0;0;0
"42";0,95;100;20;0;0,25;0,81484;0,96999;0,96999;0;0;0
"43";0,95;100;20;1;10;0,00201;0,00018;0,00018;0;0;0
"44";0,95;100;20;1;4;0,00203;0,00015;0,00015;0;0;0
"45";0,95;100;20;1;2;0,00282;0,00018;0,00018;0;0;0
"46";0,95;100;20;1;1;0,0111;0,00638;0,00638;0;0;0
"47";0,95;100;20;1;0,1;0,62543;0,9164;0,9164;0;0;0
"48";0,95;100;20;1;0,5;0,11528;0,26513;0,26513;9,99999999999612e-06;2,99999999999745e-05;2,99999999999745e-05
"49";0,95;100;20;1;0,25;0,37463;0,72515;0,72515;1,000000000001e-05;0;0
"50";0,95;100;20;2;10;0,00012;1e-05;1e-05;0;0;0
"51";0,95;100;20;2;4;0,00018;1e-05;1e-05;0;0;0
"52";0,95;100;20;2;2;5e-05;0;0;0;0;0
"53";0,95;100;20;2;1;0,00014;7e-05;7e-05;0;0;0
"54";0,95;100;20;2;0,1;0,42618;0,8028;0,8028;1,000000000001e-05;2,99999999999745e-05;2,99999999999745e-05
"55";0,95;100;20;2;0,5;0,00066;0,00318;0,00318;0;0;0
"56";0,95;100;20;2;0,25;0,05809;0,24539;0,24539;0;1,000000000001e-05;1,000000000001e-05
"57";0,95;100;20;3;10;0;0;0;0;0;0
"58";0,95;100;20;3;4;2e-05;0;0;0;0;0
"59";0,95;100;20;3;2;4e-05;1e-05;1e-05;0;0;0
"60";0,95;100;20;3;1;4e-05;1e-05;1e-05;0;0;0
"61";0,95;100;20;3;0,1;0,24561;0,63213;0,63213;9,99999999998225e-06;0;0
"62";0,95;100;20;3;0,5;5e-05;0,00015;0,00015;0;0;0
"63";0,95;100;20;3;0,25;0,00361;0,0318;0,0318;0;0;0
"64";0,95;100;20;4;10;1e-05;0;0;0;0;0
"65";0,95;100;20;4;4;1e-05;1e-05;1e-05;0;0;0
"66";0,95;100;20;4;2;1e-05;0;0;0;0;0
"67";0,95;100;20;4;1;0;0;0;0;0;0
"68";0,95;100;20;4;0,1;0,11686;0,42661;0,42661;0;1,99999999999645e-05;1,99999999999645e-05
"69";0,95;100;20;4;0,5;0;6e-05;6e-05;0;0;0
"70";0,95;100;20;4;0,25;0,00027;0,00296;0,00296;0;0;0
"71";0,95;100;50;0;10;0,98045;0,93345;0,93345;1,00000000000655e-05;0;0
"72";0,95;100;50;0;4;0,97804;0,93737;0,93737;0;0;0
"73";0,95;100;50;0;2;0,96922;0,94549;0,94549;0;0;0
"74";0,95;100;50;0;1;0,94922;0,95857;0,95857;0;0;0
"75";0,95;100;50;0;0,1;0,89637;0,96724;0,96724;9,99999999995449e-06;0;0
"76";0,95;100;50;0;0,5;0,92021;0,96389;0,96389;0;1,00000000000655e-05;1,00000000000655e-05
"77";0,95;100;50;0;0,25;0,90366;0,96627;0,96627;0;0;0
"78";0,95;100;50;1;10;0,00031;0,00011;0,00011;0;0;0
"79";0,95;100;50;1;4;0,00045;0,00018;0,00018;0;0;0
"80";0,95;100;50;1;2;0,00037;0,00019;0,00019;0;0;0
"81";0,95;100;50;1;1;0,00071;3e-04;3e-04;0;0;0
"82";0,95;100;50;1;0,1;0,68978;0,85315;0,85315;0;1,9999999999909e-05;1,9999999999909e-05
"83";0,95;100;50;1;0,5;0,01809;0,03236;0,03236;0;0;0
"84";0,95;100;50;1;0,25;0,27406;0,45022;0,45022;0;2,000000000002e-05;2,000000000002e-05
"85";0,95;100;50;2;10;4e-05;1e-05;1e-05;0;0;0
"86";0,95;100;50;2;4;2e-05;1e-05;1e-05;0;0;0
"87";0,95;100;50;2;2;0;0;0;0;0;0
"88";0,95;100;50;2;1;2e-05;0;0;0;0;0
"89";0,95;100;50;2;0,1;0,38712;0,60125;0,60125;2,000000000002e-05;0;0
"90";0,95;100;50;2;0,5;7e-05;4e-05;4e-05;0;0;0
"91";0,95;100;50;2;0,25;0,00609;0,0206;0,0206;0;0;0
"92";0,95;100;50;3;10;1e-05;0;0;0;0;0
"93";0,95;100;50;3;4;0;0;0;0;0;0
"94";0,95;100;50;3;2;1e-05;0;0;0;0;0
"95";0,95;100;50;3;1;1e-05;0;0;0;0;0
"96";0,95;100;50;3;0,1;0,13861;0,28943;0,28943;1,000000000001e-05;0;0
"97";0,95;100;50;3;0,5;1e-05;1e-05;1e-05;0;0;0
"98";0,95;100;50;3;0,25;0,00011;0,00027;0,00027;0;0;0
"99";0,95;100;50;4;10;0;0;0;0;0;0
"100";0,95;100;50;4;4;0;0;0;0;0;0
"101";0,95;100;50;4;2;0;0;0;0;0;0
"102";0,95;100;50;4;1;0;0;0;0;0;0
"103";0,95;100;50;4;0,1;0,03107;0,08967;0,08967;0;0;0
"104";0,95;100;50;4;0,5;1e-05;1e-05;1e-05;0;0;0
"105";0,95;100;50;4;0,25;1e-05;5e-05;5e-05;0;0;0
"106";0,95;20;100;0;10;0,73473;0,92394;0,92394;2,000000000002e-05;0;0
"107";0,95;20;100;0;4;0,76897;0,92496;0,92496;0;9,99999999995449e-06;9,99999999995449e-06
"108";0,95;20;100;0;2;0,85009;0,92627;0,92627;0;1,00000000000655e-05;1,00000000000655e-05
"109";0,95;20;100;0;1;0,95744;0,93349;0,93349;0;0;0
"110";0,95;20;100;0;0,1;0,99998;0,96241;0,96241;0;0;0
"111";0,95;20;100;0;0,5;0,99663;0,94406;0,94406;0;0;0
"112";0,95;20;100;0;0,25;0,99991;0,95635;0,95635;0;0;0
"113";0,95;20;100;1;10;0,0046;0,02861;0,02861;0;0;0
"114";0,95;20;100;1;4;0,00552;0,02998;0,02998;0;0;0
"115";0,95;20;100;1;2;0,00673;0,03181;0,03181;0;0;0
"116";0,95;20;100;1;1;0,01587;0,03459;0,03459;0;1,00000000000031e-05;1,00000000000031e-05
"117";0,95;20;100;1;0,1;0,99844;0,76671;0,76671;9,99999999995449e-06;9,99999999995449e-06;9,99999999995449e-06
"118";0,95;20;100;1;0,5;0,18762;0,06568;0,06568;0;0;0
"119";0,95;20;100;1;0,25;0,86849;0,27562;0,27562;2,000000000002e-05;1,99999999999645e-05;1,99999999999645e-05
"120";0,95;20;100;2;10;2e-04;0,00111;0,00111;0;0;0
"121";0,95;20;100;2;4;2e-04;0,00106;0,00106;0;0;0
"122";0,95;20;100;2;2;0,00018;0,00113;0,00113;0;0;0
"123";0,95;20;100;2;1;0,00033;0,00143;0,00143;0;0;0
"124";0,95;20;100;2;0,1;0,96681;0,36247;0,36247;0;3,000000000003e-05;3,000000000003e-05
"125";0,95;20;100;2;0,5;0,001;0,00156;0,00156;0;0;0
"126";0,95;20;100;2;0,25;0,10722;0,00586;0,00586;0;0;0
"127";0,95;20;100;3;10;3e-05;0,00026;0,00026;0;0;0
"128";0,95;20;100;3;4;4e-05;0,00027;0,00027;0;0;0
"129";0,95;20;100;3;2;3e-05;0,00019;0,00019;0;0;0
"130";0,95;20;100;3;1;2e-05;0,00017;0,00017;0;0;0
"131";0,95;20;100;3;0,1;0,76093;0,07711;0,07711;2,000000000002e-05;0;0
"132";0,95;20;100;3;0,5;6e-05;0,00019;0,00019;0;0;0
"133";0,95;20;100;3;0,25;0,00174;0,00026;0,00026;0;0;0
"134";0,95;20;100;4;10;0;1e-05;1e-05;0;0;0
"135";0,95;20;100;4;4;0;1e-05;1e-05;0;0;0
"136";0,95;20;100;4;2;1e-05;3e-05;3e-05;0;0;0
"137";0,95;20;100;4;1;2e-05;4e-05;4e-05;0;0;0
"138";0,95;20;100;4;0,1;0,34587;0,00651;0,00651;6,00000000000045e-05;0;0
"139";0,95;20;100;4;0,5;2e-05;0,00014;0,00014;0;0;0
"140";0,95;20;100;4;0,25;0,00022;5e-05;5e-05;0;0;0
"141";0,95;20;20;0;10;0,91924;0,92402;0,92402;9,99999999995449e-06;9,99999999995449e-06;9,99999999995449e-06
"142";0,95;20;20;0;4;0,92337;0,92619;0,92619;0;0;0
"143";0,95;20;20;0;2;0,93464;0,93565;0,93565;1,00000000000655e-05;0;0
"144";0,95;20;20;0;1;0,94954;0,95014;0,95014;0;0;0
"145";0,95;20;20;0;0,1;0,96591;0,96945;0,96945;1,00000000000655e-05;1,00000000000655e-05;1,00000000000655e-05
"146";0,95;20;20;0;0,5;0,96161;0,96349;0,96349;9,99999999995449e-06;0;0
"147";0,95;20;20;0;0,25;0,96505;0,96792;0,96792;0;2,000000000002e-05;2,000000000002e-05
"148";0,95;20;20;1;10;0,02762;0,02915;0,02915;9,99999999999959e-06;0;0
"149";0,95;20;20;1;4;0,03011;0,03201;0,03201;0;0;0
"150";0,95;20;20;1;2;0,03546;0,03708;0,03708;0;0;0
"151";0,95;20;20;1;1;0,07548;0,07641;0,07641;0;0;0
"152";0,95;20;20;1;0,1;0,90772;0,91484;0,91484;9,99999999995449e-06;9,99999999995449e-06;9,99999999995449e-06
"153";0,95;20;20;1;0,5;0,33295;0,3388;0,3388;1,000000000001e-05;1,99999999999645e-05;1,99999999999645e-05
"154";0,95;20;20;1;0,25;0,72042;0,73186;0,73186;0;1,9999999999909e-05;1,9999999999909e-05
"155";0,95;20;20;2;10;0,00119;0,00127;0,00127;0;0;0
"156";0,95;20;20;2;4;0,00113;0,0012;0,0012;0;0;0
"157";0,95;20;20;2;2;0,001;0,00111;0,00111;0;0;0
"158";0,95;20;20;2;1;0,00152;0,00155;0,00155;0;0;0
"159";0,95;20;20;2;0,1;0,7924;0,80519;0,80519;0;0;0
"160";0,95;20;20;2;0,5;0,01049;0,01085;0,01085;9,99999999999959e-06;0;0
"161";0,95;20;20;2;0,25;0,25856;0,26931;0,26931;1,000000000001e-05;3,99999999999845e-05;3,99999999999845e-05
"162";0,95;20;20;3;10;0,00018;0,00022;0,00022;0;0;0
"163";0,95;20;20;3;4;0,00017;0,00018;0,00018;0;0;0
"164";0,95;20;20;3;2;0,00024;0,00028;0,00028;0;0;0
"165";0,95;20;20;3;1;0,00023;0,00026;0,00026;0;0;0
"166";0,95;20;20;3;0,1;0,61842;0,63525;0,63525;0;2,000000000002e-05;2,000000000002e-05
"167";0,95;20;20;3;0,5;0,00052;0,00056;0,00056;0;0;0
"168";0,95;20;20;3;0,25;0,03675;0,03934;0,03934;0;1,00000000000031e-05;1,00000000000031e-05
"169";0,95;20;20;4;10;5e-05;7e-05;7e-05;0;0;0
"170";0,95;20;20;4;4;0;0;0;0;0;0
"171";0,95;20;20;4;2;5e-05;7e-05;7e-05;0;0;0
"172";0,95;20;20;4;1;7e-05;7e-05;7e-05;0;0;0
"173";0,95;20;20;4;0,1;0,40965;0,42721;0,42721;3,000000000003e-05;1,99999999999645e-05;1,99999999999645e-05
"174";0,95;20;20;4;0,5;0,00015;0,00015;0,00015;0;0;0
"175";0,95;20;20;4;0,25;0,00312;0,00335;0,00335;0;0;0
"176";0,95;20;50;0;10;0,81266;0,92486;0,92486;0;1,00000000000655e-05;1,00000000000655e-05
"177";0,95;20;50;0;4;0,83639;0,92624;0,92624;0;0;0
"178";0,95;20;50;0;2;0,8842;0,92972;0,92972;9,99999999995449e-06;9,99999999995449e-06;9,99999999995449e-06
"179";0,95;20;50;0;1;0,95612;0,94033;0,94033;0;9,99999999995449e-06;9,99999999995449e-06
"180";0,95;20;50;0;0,1;0,99814;0,96653;0,96653;0;9,99999999995449e-06;9,99999999995449e-06
"181";0,95;20;50;0;0,5;0,99017;0,9548;0,9548;0;0;0
"182";0,95;20;50;0;0,25;0,99659;0,96331;0,96331;0;0;0
"183";0,95;20;50;1;10;0,00942;0,02978;0,02978;0;0;0
"184";0,95;20;50;1;4;0,00989;0,02983;0,02983;0;0;0
"185";0,95;20;50;1;2;0,01144;0,03127;0,03127;0;0;0
"186";0,95;20;50;1;1;0,02822;0,04376;0,04376;0;0;0
"187";0,95;20;50;1;0,1;0,98374;0,85282;0,85282;0;1,00000000000655e-05;1,00000000000655e-05
"188";0,95;20;50;1;0,5;0,23685;0,12535;0,12535;1,000000000001e-05;0;0
"189";0,95;20;50;1;0,25;0,80623;0,48984;0,48984;2,000000000002e-05;1,000000000001e-05;1,000000000001e-05
"190";0,95;20;50;2;10;0,00025;0,00111;0,00111;0;0;0
"191";0,95;20;50;2;4;0,00041;0,00118;0,00118;0;0;0
"192";0,95;20;50;2;2;0,00042;0,00126;0,00126;0;0;0
"193";0,95;20;50;2;1;0,00048;0,00148;0,00148;0;0;0
"194";0,95;20;50;2;0,1;0,9047;0,60565;0,60565;9,99999999995449e-06;0;0
"195";0,95;20;50;2;0,5;0,00172;0,00189;0,00189;0;0;0
"196";0,95;20;50;2;0,25;0,16825;0,03881;0,03881;0;0;0
"197";0,95;20;50;3;10;1e-04;0,00022;0,00022;0;0;0
"198";0,95;20;50;3;4;5e-05;0,00017;0,00017;0;0;0
"199";0,95;20;50;3;2;2e-05;0,00015;0,00015;0;0;0
"200";0,95;20;50;3;1;8e-05;0,00025;0,00025;0;0;0
"201";0,95;20;50;3;0,1;0,6929;0,29859;0,29859;9,99999999995449e-06;0;0
"202";0,95;20;50;3;0,5;0,00018;0,00026;0,00026;0;0;0
"203";0,95;20;50;3;0,25;0,00617;0,00105;0,00105;0;0;0
"204";0,95;20;50;4;10;1e-05;5e-05;5e-05;0;0;0
"205";0,95;20;50;4;4;0;5e-05;5e-05;0;0;0
"206";0,95;20;50;4;2;0;6e-05;6e-05;0;0;0
"207";0,95;20;50;4;1;3e-05;9e-05;9e-05;0;0;0
"208";0,95;20;50;4;0,1;0,38418;0,09323;0,09323;1,000000000001e-05;9,99999999999612e-06;9,99999999999612e-06
"209";0,95;20;50;4;0,5;2e-05;7e-05;7e-05;0;0;0
"210";0,95;20;50;4;0,25;0,00053;0,00016;0,00016;0;0;0
"211";0,95;50;100;0;10;0,85291;0,93056;0,93056;9,99999999995449e-06;0;0
"212";0,95;50;100;0;4;0,8644;0,92999;0,92999;0;9,99999999995449e-06;9,99999999995449e-06
"213";0,95;50;100;0;2;0,89754;0,93239;0,93239;0;0;0
"214";0,95;50;100;0;1;0,95274;0,94296;0,94296;0;0;0
"215";0,95;50;100;0;0,1;0,99488;0,96327;0,96327;0;0;0
"216";0,95;50;100;0;0,5;0,98466;0,95522;0,95522;9,99999999995449e-06;9,99999999995449e-06;9,99999999995449e-06
"217";0,95;50;100;0;0,25;0,99259;0,96209;0,96209;0;0;0
"218";0,95;50;100;1;10;0,00063;0,0017;0,0017;0;0;0
"219";0,95;50;100;1;4;0,00067;0,00158;0,00158;0;0;0
"220";0,95;50;100;1;2;0,00074;0,00156;0,00156;0;0;0
"221";0,95;50;100;1;1;0,00113;0,00229;0,00229;0;0;0
"222";0,95;50;100;1;0,1;0,92793;0,76611;0,76611;2,000000000002e-05;9,99999999995449e-06;9,99999999995449e-06
"223";0,95;50;100;1;0,5;0,01675;0,00983;0,00983;0;0;0
"224";0,95;50;100;1;0,25;0,43055;0,21395;0,21395;3,99999999999845e-05;1,99999999999922e-05;1,99999999999922e-05
"225";0,95;50;100;2;10;7e-05;0,00012;0,00012;0;0;0
"226";0,95;50;100;2;4;2e-05;3e-05;3e-05;0;0;0
"227";0,95;50;100;2;2;0;7e-05;7e-05;0;0;0
"228";0,95;50;100;2;1;3e-05;1e-04;1e-04;0;0;0
"229";0,95;50;100;2;0,1;0,63653;0,35348;0,35348;2,000000000002e-05;0;0
"230";0,95;50;100;2;0,5;1e-05;6e-05;6e-05;0;0;0
"231";0,95;50;100;2;0,25;0,00392;0,00075;0,00075;0;0;0
"232";0,95;50;100;3;10;1e-05;1e-05;1e-05;0;0;0
"233";0,95;50;100;3;4;0;0;0;0;0;0
"234";0,95;50;100;3;2;1e-05;1e-05;1e-05;0;0;0
"235";0,95;50;100;3;1;0;2e-05;2e-05;0;0;0
"236";0,95;50;100;3;0,1;0,22139;0,06932;0,06932;4,00000000000122e-05;0;0
"237";0,95;50;100;3;0,5;0;1e-05;1e-05;0;0;0
"238";0,95;50;100;3;0,25;9e-05;3e-05;3e-05;0;0;0
"239";0,95;50;100;4;10;1e-05;2e-05;2e-05;0;0;0
"240";0,95;50;100;4;4;0;0;0;0;0;0
"241";0,95;50;100;4;2;0;0;0;0;0;0
"242";0,95;50;100;4;1;0;1e-05;1e-05;0;0;0
"243";0,95;50;100;4;0,1;0,03138;0,00507;0,00507;0;0;0
"244";0,95;50;100;4;0,5;0;0;0;0;0;0
"245";0,95;50;100;4;0,25;2e-05;1e-05;1e-05;0;0;0
"246";0,95;50;20;0;10;0,9877;0,93021;0,93021;0;0;0
"247";0,95;50;20;0;4;0,98448;0,93665;0,93665;1,00000000000655e-05;0;0
"248";0,95;50;20;0;2;0,97343;0,94844;0,94844;0;0;0
"249";0,95;50;20;0;1;0,94449;0,96029;0,96029;1,00000000000655e-05;0;0
"250";0,95;50;20;0;0,1;0,87105;0,96949;0,96949;0;0;0
"251";0,95;50;20;0;0,5;0,90788;0,96745;0,96745;2,000000000002e-05;0;0
"252";0,95;50;20;0;0,25;0,8829;0,96974;0,96974;0;0;0
"253";0,95;50;20;1;10;0,00718;0,00149;0,00149;0;0;0
"254";0,95;50;20;1;4;0,00786;0,00208;0,00208;0;0;0
"255";0,95;50;20;1;2;0,009;0,00211;0,00211;0;0;0
"256";0,95;50;20;1;1;0,02477;0,01692;0,01692;9,99999999999959e-06;0;0
"257";0,95;50;20;1;0,1;0,73902;0,9168;0,9168;0;9,99999999995449e-06;9,99999999995449e-06
"258";0,95;50;20;1;0,5;0,16759;0,28378;0,28378;0;9,99999999995449e-06;9,99999999995449e-06
"259";0,95;50;20;1;0,25;0,4854;0,72859;0,72859;0;0;0
"260";0,95;50;20;2;10;0,00019;7e-05;7e-05;0;0;0
"261";0,95;50;20;2;4;0,00017;2e-05;2e-05;0;0;0
"262";0,95;50;20;2;2;0,00026;7e-05;7e-05;0;0;0
"263";0,95;50;20;2;1;0,00034;0,00017;0,00017;0;0;0
"264";0,95;50;20;2;0,1;0,55056;0,80248;0,80248;3,00000000000855e-05;0;0
"265";0,95;50;20;2;0,5;0,00148;0,00409;0,00409;0;0;0
"266";0,95;50;20;2;0,25;0,09905;0,25418;0,25418;1,99999999999922e-05;1,000000000001e-05;1,000000000001e-05
"267";0,95;50;20;3;10;6e-05;2e-05;2e-05;0;0;0
"268";0,95;50;20;3;4;2e-05;1e-05;1e-05;0;0;0
"269";0,95;50;20;3;2;9e-05;2e-05;2e-05;0;0;0
"270";0,95;50;20;3;1;3e-05;3e-05;3e-05;0;0;0
"271";0,95;50;20;3;0,1;0,35395;0,6334;0,6334;0;0;0
"272";0,95;50;20;3;0,5;2e-05;0,00016;0,00016;0;0;0
"273";0,95;50;20;3;0,25;0,00772;0,03326;0,03326;0;0;0
"274";0,95;50;20;4;10;0;0;0;0;0;0
"275";0,95;50;20;4;4;2e-05;1e-05;1e-05;0;0;0
"276";0,95;50;20;4;2;1e-05;0;0;0;0;0
"277";0,95;50;20;4;1;0;0;0;0;0;0
"278";0,95;50;20;4;0,1;0,18488;0,42649;0,42649;0;9,99999999995449e-06;9,99999999995449e-06
"279";0,95;50;20;4;0,5;0;1e-05;1e-05;0;0;0
"280";0,95;50;20;4;0,25;0,00056;0,00287;0,00287;0;1e-05;1e-05
"281";0,95;50;50;0;10;0,92672;0,92859;0,92859;9,99999999995449e-06;0;0
"282";0,95;50;50;0;4;0,9298;0,93103;0,93103;0;0;0
"283";0,95;50;50;0;2;0,93706;0,93752;0,93752;0;0;0
"284";0,95;50;50;0;1;0,95132;0,9514;0,9514;0;0;0
"285";0,95;50;50;0;0,1;0,9645;0,96581;0,96581;0;9,99999999995449e-06;9,99999999995449e-06
"286";0,95;50;50;0;0,5;0,96004;0,96069;0,96069;9,99999999995449e-06;0;0
"287";0,95;50;50;0;0,25;0,96488;0,96611;0,96611;0;2,000000000002e-05;2,000000000002e-05
"288";0,95;50;50;1;10;0,00149;0,00149;0,00149;0;0;0
"289";0,95;50;50;1;4;0,00143;0,00144;0,00144;0;0;0
"290";0,95;50;50;1;2;0,00188;0,0019;0,0019;0;0;0
"291";0,95;50;50;1;1;0,00319;0,00326;0,00326;0;1e-05;1e-05
"292";0,95;50;50;1;0,1;0,85032;0,85438;0,85438;0;0;0
"293";0,95;50;50;1;0,5;0,05234;0,05285;0,05285;0;1,99999999999992e-05;1,99999999999992e-05
"294";0,95;50;50;1;0,25;0,45624;0,46142;0,46142;9,99999999995449e-06;0;0
"295";0,95;50;50;2;10;2e-05;2e-05;2e-05;0;0;0
"296";0,95;50;50;2;4;3e-05;3e-05;3e-05;0;0;0
"297";0,95;50;50;2;2;5e-05;6e-05;6e-05;0;0;0
"298";0,95;50;50;2;1;5e-05;5e-05;5e-05;0;0;0
"299";0,95;50;50;2;0,1;0,59667;0,60315;0,60315;1,00000000000655e-05;1,9999999999909e-05;1,9999999999909e-05
"300";0,95;50;50;2;0,5;0,00015;0,00015;0,00015;0;0;0
"301";0,95;50;50;2;0,25;0,02247;0,02314;0,02314;0;9,99999999999959e-06;9,99999999999959e-06
"302";0,95;50;50;3;10;1e-05;1e-05;1e-05;0;0;0
"303";0,95;50;50;3;4;0;0;0;0;0;0
"304";0,95;50;50;3;2;6e-05;6e-05;6e-05;0;0;0
"305";0,95;50;50;3;1;1e-05;1e-05;1e-05;0;0;0
"306";0,95;50;50;3;0,1;0,28774;0,29333;0,29333;1,000000000001e-05;9,99999999995449e-06;9,99999999995449e-06
"307";0,95;50;50;3;0,5;4e-05;4e-05;4e-05;0;0;0
"308";0,95;50;50;3;0,25;0,00025;0,00026;0,00026;0;0;0
"309";0,95;50;50;4;10;1e-05;1e-05;1e-05;0;0;0
"310";0,95;50;50;4;4;0;0;0;0;0;0
"311";0,95;50;50;4;2;3e-05;3e-05;3e-05;0;0;0
"312";0,95;50;50;4;1;0;0;0;0;0;0
"313";0,95;50;50;4;0,1;0,08796;0,09059;0,09059;9,99999999999612e-06;0;0
"314";0,95;50;50;4;0,5;0;0;0;0;0;0
"315";0,95;50;50;4;0,25;3e-05;3e-05;3e-05;0;0;0
