"conf.level";"n1";"n2";"m1-m2";"sd1/sd2";"p_Cohen_NH0";"p_Shieh_NH0";"p_transfoshieh_NH0";"CICohen_vs_Student";"CIShieh_vs_Welch";"CItransfoShieh_vs_Welch"
"1";0,95;100;100;0;10;0,9501;0,95089;0,95089;0;0;0
"2";0,95;100;100;0;4;0,94777;0,94848;0,94848;0;0;0
"3";0,95;100;100;0;2;0,95027;0,95054;0,95054;0;1,00000000000655e-05;1,00000000000655e-05
"4";0,95;100;100;0;1;0,9495;0,94953;0,94953;0;0;0
"5";0,95;100;100;0;0,1;0,94923;0,95003;0,95003;0;1,00000000000655e-05;1,00000000000655e-05
"6";0,95;100;100;0;0,5;0,94931;0,94961;0,94961;9,99999999995449e-06;0;0
"7";0,95;100;100;0;0,25;0,95019;0,95062;0,95062;0;0;0
"8";0,95;100;100;1;10;0;0;0;0;0;0
"9";0,95;100;100;1;4;0;0;0;0;0;0
"10";0,95;100;100;1;2;0;0;0;0;0;0
"11";0,95;100;100;1;1;4e-05;4e-05;4e-05;0;0;0
"12";0,95;100;100;1;0,1;0,73291;0,73542;0,73542;9,99999999995449e-06;1,9999999999909e-05;1,9999999999909e-05
"13";0,95;100;100;1;0,5;0,00438;0,00439;0,00439;0;0;0
"14";0,95;100;100;1;0,25;0,21802;0,21956;0,21956;0;0;0
"15";0,95;100;100;2;10;0;0;0;0;0;0
"16";0,95;100;100;2;4;0;0;0;0;0;0
"17";0,95;100;100;2;2;0;0;0;0;0;0
"18";0,95;100;100;2;1;0;0;0;0;0;0
"19";0,95;100;100;2;0,1;0,35893;0,36154;0,36154;0;0;0
"20";0,95;100;100;2;0,5;0;0;0;0;0;0
"21";0,95;100;100;2;0,25;0,0021;0,00214;0,00214;0;0;0
"22";0,95;100;100;3;10;0;0;0;0;0;0
"23";0,95;100;100;3;4;0;0;0;0;0;0
"24";0,95;100;100;3;2;0;0;0;0;0;0
"25";0,95;100;100;3;1;0;0;0;0;0;0
"26";0,95;100;100;3;0,1;0,09257;0,09387;0,09387;2,00000000000061e-05;0;0
"27";0,95;100;100;3;0,5;0;0;0;0;0;0
"28";0,95;100;100;3;0,25;0,00012;0,00012;0,00012;0;0;0
"29";0,95;100;100;4;10;0;0;0;0;0;0
"30";0,95;100;100;4;4;0;0;0;0;0;0
"31";0,95;100;100;4;2;0;0;0;0;0;0
"32";0,95;100;100;4;1;0;0;0;0;0;0
"33";0,95;100;100;4;0,1;0,0135;0,01375;0,01375;0;0;0
"34";0,95;100;100;4;0,5;0;0;0;0;0;0
"35";0,95;100;100;4;0,25;0;0;0;0;0;0
"36";0,95;100;20;0;10;0,99991;0,95114;0,95114;0;0;0
"37";0,95;100;20;0;4;0,99923;0,95004;0,95004;0;0;0
"38";0,95;100;20;0;2;0,99295;0,94946;0,94946;9,99999999995449e-06;0;0
"39";0,95;100;20;0;1;0,94978;0,9504;0,9504;0;1,00000000000655e-05;1,00000000000655e-05
"40";0,95;100;20;0;0,1;0,76436;0,95095;0,95095;0;0;0
"41";0,95;100;20;0;0,5;0,8574;0,95013;0,95013;0;0;0
"42";0,95;100;20;0;0,25;0,7917;0,94969;0,94969;9,99999999995449e-06;0;0
"43";0,95;100;20;1;10;0,00021;0;0;0;0;0
"44";0,95;100;20;1;4;0,00016;1e-05;1e-05;0;0;0
"45";0,95;100;20;1;2;0,00047;0,00023;0,00023;0;0;0
"46";0,95;100;20;1;1;0,01042;0,01719;0,01719;0;0;0
"47";0,95;100;20;1;0,1;0,60332;0,87981;0,87981;9,99999999995449e-06;2,000000000002e-05;2,000000000002e-05
"48";0,95;100;20;1;0,5;0,13139;0,29685;0,29685;0;1,000000000001e-05;1,000000000001e-05
"49";0,95;100;20;1;0,25;0,37505;0,69147;0,69147;1,000000000001e-05;0;0
"50";0,95;100;20;2;10;0;0;0;0;0;0
"51";0,95;100;20;2;4;1e-05;0;0;0;0;0
"52";0,95;100;20;2;2;0;1e-05;1e-05;0;0;0
"53";0,95;100;20;2;1;0;0,00011;0,00011;0;0;0
"54";0,95;100;20;2;0,1;0,42395;0,7666;0,7666;1,000000000001e-05;9,99999999995449e-06;9,99999999995449e-06
"55";0,95;100;20;2;0,5;0,00185;0,0127;0,0127;0;0;0
"56";0,95;100;20;2;0,25;0,08135;0,28231;0,28231;0;2,000000000002e-05;2,000000000002e-05
"57";0,95;100;20;3;10;0;0;0;0;0;0
"58";0,95;100;20;3;4;0;0;0;0;0;0
"59";0,95;100;20;3;2;0;0;0;0;0;0
"60";0,95;100;20;3;1;0;1e-05;1e-05;0;0;0
"61";0,95;100;20;3;0,1;0,26111;0,60743;0,60743;0;1,00000000000655e-05;1,00000000000655e-05
"62";0,95;100;20;3;0,5;9e-05;0,00077;0,00077;0;0;0
"63";0,95;100;20;3;0,25;0,00974;0,06643;0,06643;0;0;0
"64";0,95;100;20;4;10;0;0;0;0;0;0
"65";0,95;100;20;4;4;0;0;0;0;0;0
"66";0,95;100;20;4;2;0;0;0;0;0;0
"67";0,95;100;20;4;1;1e-05;1e-05;1e-05;0;0;0
"68";0,95;100;20;4;0,1;0,14372;0,43513;0,43513;0;3,000000000003e-05;3,000000000003e-05
"69";0,95;100;20;4;0,5;2e-05;0,00013;0,00013;0;0;0
"70";0,95;100;20;4;0,25;0,00113;0,01186;0,01186;0;0;0
"71";0,95;100;50;0;10;0,98954;0,95031;0,95031;0;0;0
"72";0,95;100;50;0;4;0,98701;0,94994;0,94994;0;0;0
"73";0,95;100;50;0;2;0,97813;0,9508;0,9508;0;0;0
"74";0,95;100;50;0;1;0,94966;0,94928;0,94928;0;0;0
"75";0,95;100;50;0;0,1;0,87423;0,94917;0,94917;9,99999999995449e-06;9,99999999995449e-06;9,99999999995449e-06
"76";0,95;100;50;0;0,5;0,91019;0,94967;0,94967;0;0;0
"77";0,95;100;50;0;0,25;0,88317;0,94914;0,94914;1,00000000000655e-05;0;0
"78";0,95;100;50;1;10;4e-05;1e-05;1e-05;0;0;0
"79";0,95;100;50;1;4;2e-05;1e-05;1e-05;0;0;0
"80";0,95;100;50;1;2;5e-05;1e-05;1e-05;0;0;0
"81";0,95;100;50;1;1;0,00026;0,00037;0,00037;0;0;0
"82";0,95;100;50;1;0,1;0,66884;0,8219;0,8219;9,99999999995449e-06;0;0
"83";0,95;100;50;1;0,5;0,02785;0,05525;0,05525;0;0;0
"84";0,95;100;50;1;0,25;0,28769;0,44957;0,44957;0;0;0
"85";0,95;100;50;2;10;0;0;0;0;0;0
"86";0,95;100;50;2;4;0;0;0;0;0;0
"87";0,95;100;50;2;2;0;0;0;0;0;0
"88";0,95;100;50;2;1;0;0;0;0;0;0
"89";0,95;100;50;2;0,1;0,39536;0,58452;0,58452;1,000000000001e-05;2,000000000002e-05;2,000000000002e-05
"90";0,95;100;50;2;0,5;2e-05;0,00016;0,00016;0;0;0
"91";0,95;100;50;2;0,25;0,01587;0,04275;0,04275;0;1,00000000000031e-05;1,00000000000031e-05
"92";0,95;100;50;3;10;0;0;0;0;0;0
"93";0,95;100;50;3;4;0;0;0;0;0;0
"94";0,95;100;50;3;2;0;0;0;0;0;0
"95";0,95;100;50;3;1;0;0;0;0;0;0
"96";0,95;100;50;3;0,1;0,16852;0,31415;0,31415;0;2,99999999999745e-05;2,99999999999745e-05
"97";0,95;100;50;3;0,5;0;1e-05;1e-05;0;0;0
"98";0,95;100;50;3;0,25;0,00056;0,00164;0,00164;0;0;0
"99";0,95;100;50;4;10;0;0;0;0;0;0
"100";0,95;100;50;4;4;0;0;0;0;0;0
"101";0,95;100;50;4;2;0;0;0;0;0;0
"102";0,95;100;50;4;1;0;0;0;0;0;0
"103";0,95;100;50;4;0,1;0,05305;0,12753;0,12753;0;1,000000000001e-05;1,000000000001e-05
"104";0,95;100;50;4;0,5;0;0;0;0;0;0
"105";0,95;100;50;4;0,25;8e-05;0,00023;0,00023;0;0;0
"106";0,95;20;100;0;10;0,76633;0,95104;0,95104;0;9,99999999995449e-06;9,99999999995449e-06
"107";0,95;20;100;0;4;0,79336;0,95073;0,95073;0;0;0
"108";0,95;20;100;0;2;0,85875;0,9504;0,9504;0;1,00000000000655e-05;1,00000000000655e-05
"109";0,95;20;100;0;1;0,94847;0,9492;0,9492;0;0;0
"110";0,95;20;100;0;0,1;0,99982;0,94997;0,94997;0;0;0
"111";0,95;20;100;0;0,5;0,9929;0,95037;0,95037;0;0;0
"112";0,95;20;100;0;0,25;0,99926;0,9501;0,9501;0;0;0
"113";0,95;20;100;1;10;0,00113;0,01192;0,01192;0;0;0
"114";0,95;20;100;1;4;0,00105;0,01172;0,01172;0;9,99999999999959e-06;9,99999999999959e-06
"115";0,95;20;100;1;2;0,0018;0,01246;0,01246;0;0;0
"116";0,95;20;100;1;1;0,01039;0,01648;0,01648;9,99999999999959e-06;0;0
"117";0,95;20;100;1;0,1;0,9947;0,74468;0,74468;0;2,99999999999745e-05;2,99999999999745e-05
"118";0,95;20;100;1;0,5;0,21618;0,05506;0,05506;1,000000000001e-05;9,99999999999612e-06;9,99999999999612e-06
"119";0,95;20;100;1;0,25;0,83748;0,29519;0,29519;2,000000000002e-05;1,000000000001e-05;1,000000000001e-05
"120";0,95;20;100;2;10;1e-05;0,00013;0,00013;0;0;0
"121";0,95;20;100;2;4;1e-05;0,00012;0,00012;0;0;0
"122";0,95;20;100;2;2;1e-05;0,00016;0,00016;0;0;0
"123";0,95;20;100;2;1;0;1e-04;1e-04;0;0;0
"124";0,95;20;100;2;0,1;0,94174;0,37521;0,37521;0;1,000000000001e-05;1,000000000001e-05
"125";0,95;20;100;2;0,5;0,00049;0,00015;0,00015;0;0;0
"126";0,95;20;100;2;0,25;0,14431;0,00551;0,00551;1,99999999999922e-05;0;0
"127";0,95;20;100;3;10;0;3e-05;3e-05;0;0;0
"128";0,95;20;100;3;4;2e-05;4e-05;4e-05;0;0;0
"129";0,95;20;100;3;2;1e-05;2e-05;2e-05;0;0;0
"130";0,95;20;100;3;1;0;2e-05;2e-05;0;0;0
"131";0,95;20;100;3;0,1;0,72666;0,10538;0,10538;0;9,99999999999612e-06;9,99999999999612e-06
"132";0,95;20;100;3;0,5;2e-05;0;0;0;0;0
"133";0,95;20;100;3;0,25;0,00341;6e-05;6e-05;0;0;0
"134";0,95;20;100;4;10;0;0;0;0;0;0
"135";0,95;20;100;4;4;0;1e-05;1e-05;0;0;0
"136";0,95;20;100;4;2;0;2e-05;2e-05;0;0;0
"137";0,95;20;100;4;1;0;1e-05;1e-05;0;0;0
"138";0,95;20;100;4;0,1;0,37666;0,01632;0,01632;2,000000000002e-05;0;0
"139";0,95;20;100;4;0,5;1e-05;0;0;0;0;0
"140";0,95;20;100;4;0,25;0,00025;2e-05;2e-05;0;0;0
"141";0,95;20;20;0;10;0,94677;0,95076;0,95076;0;0;0
"142";0,95;20;20;0;4;0,94732;0,95033;0,95033;0;9,99999999995449e-06;9,99999999995449e-06
"143";0,95;20;20;0;2;0,94889;0,95019;0,95019;0;0;0
"144";0,95;20;20;0;1;0,95052;0,95095;0,95095;0;0;0
"145";0,95;20;20;0;0,1;0,94785;0,95197;0,95197;9,99999999995449e-06;0;0
"146";0,95;20;20;0;0,5;0,94889;0,9505;0,9505;0;0;0
"147";0,95;20;20;0;0,25;0,94708;0,95024;0,95024;1,00000000000655e-05;0;0
"148";0,95;20;20;1;10;0,01075;0,01184;0,01184;0;0;0
"149";0,95;20;20;1;4;0,01213;0,01305;0,01305;0;1,00000000000013e-05;1,00000000000013e-05
"150";0,95;20;20;1;2;0,01962;0,02045;0,02045;0;0;0
"151";0,95;20;20;1;1;0,07448;0,07507;0,07507;0;0;0
"152";0,95;20;20;1;0,1;0,87616;0,88373;0,88373;1,00000000000655e-05;1,00000000000655e-05;1,00000000000655e-05
"153";0,95;20;20;1;0,5;0,3513;0,35658;0,35658;1,000000000001e-05;1,000000000001e-05;1,000000000001e-05
"154";0,95;20;20;1;0,25;0,69068;0,70143;0,70143;1,9999999999909e-05;0;0
"155";0,95;20;20;2;10;7e-05;8e-05;8e-05;0;0;0
"156";0,95;20;20;2;4;1e-04;0,00012;0,00012;0;0;0
"157";0,95;20;20;2;2;0,00012;0,00012;0,00012;0;0;0
"158";0,95;20;20;2;1;4e-04;0,00041;0,00041;0;0;0
"159";0,95;20;20;2;0,1;0,75315;0,76467;0,76467;0;2,99999999999745e-05;2,99999999999745e-05
"160";0,95;20;20;2;0,5;0,01925;0,01986;0,01986;0;0;0
"161";0,95;20;20;2;0,25;0,29203;0,30226;0,30226;1,000000000001e-05;1,99999999999645e-05;1,99999999999645e-05
"162";0,95;20;20;3;10;2e-05;2e-05;2e-05;0;0;0
"163";0,95;20;20;3;4;1e-05;1e-05;1e-05;0;0;0
"164";0,95;20;20;3;2;2e-05;2e-05;2e-05;0;0;0
"165";0,95;20;20;3;1;2e-05;3e-05;3e-05;0;0;0
"166";0,95;20;20;3;0,1;0,59505;0,60922;0,60922;2,99999999999745e-05;0;0
"167";0,95;20;20;3;0,5;0,00082;0,00091;0,00091;0;0;0
"168";0,95;20;20;3;0,25;0,06983;0,07388;0,07388;0;0;0
"169";0,95;20;20;4;10;0;1e-05;1e-05;0;0;0
"170";0,95;20;20;4;4;0;0;0;0;0;0
"171";0,95;20;20;4;2;0;0;0;0;0;0
"172";0,95;20;20;4;1;0;0;0;0;0;0
"173";0,95;20;20;4;0,1;0,42161;0,43653;0,43653;0;2,99999999999745e-05;2,99999999999745e-05
"174";0,95;20;20;4;0,5;6e-05;8e-05;8e-05;0;0;0
"175";0,95;20;20;4;0,25;0,01206;0,01308;0,01308;0;0;0
"176";0,95;20;50;0;10;0,8443;0,95184;0,95184;1,00000000000655e-05;0;0
"177";0,95;20;50;0;4;0,86082;0,95076;0,95076;0;0;0
"178";0,95;20;50;0;2;0,89672;0,95131;0,95131;0;0;0
"179";0,95;20;50;0;1;0,95001;0,9502;0,9502;0;0;0
"180";0,95;20;50;0;0,1;0,99459;0,95083;0,95083;0;0;0
"181";0,95;20;50;0;0,5;0,98234;0,94946;0,94946;0;9,99999999995449e-06;9,99999999995449e-06
"182";0,95;20;50;0;0,25;0,99204;0,94942;0,94942;0;1,00000000000655e-05;1,00000000000655e-05
"183";0,95;20;50;1;10;0,00259;0,01167;0,01167;0;0;0
"184";0,95;20;50;1;4;0,00294;0,01262;0,01262;0;0;0
"185";0,95;20;50;1;2;0,00429;0,0142;0,0142;0;0;0
"186";0,95;20;50;1;1;0,02331;0,02715;0,02715;0;0;0
"187";0,95;20;50;1;0,1;0,96573;0,82261;0,82261;0;1,9999999999909e-05;1,9999999999909e-05
"188";0,95;20;50;1;0,5;0,26434;0,1349;0,1349;0;1,99999999999922e-05;1,99999999999922e-05
"189";0,95;20;50;1;0,25;0,77321;0,49235;0,49235;0;2,000000000002e-05;2,000000000002e-05
"190";0,95;20;50;2;10;1e-05;1e-04;1e-04;0;0;0
"191";0,95;20;50;2;4;3e-05;0,00014;0,00014;0;0;0
"192";0,95;20;50;2;2;3e-05;9e-05;9e-05;0;0;0
"193";0,95;20;50;2;1;8e-05;0,00016;0,00016;0;0;0
"194";0,95;20;50;2;0,1;0,86487;0,58566;0,58566;2,99999999999745e-05;1,9999999999909e-05;1,9999999999909e-05
"195";0,95;20;50;2;0,5;0,00244;7e-04;7e-04;0;0;0
"196";0,95;20;50;2;0,25;0,2107;0,05888;0,05888;0;1,00000000000031e-05;1,00000000000031e-05
"197";0,95;20;50;3;10;0;2e-05;2e-05;0;0;0
"198";0,95;20;50;3;4;0;2e-05;2e-05;0;0;0
"199";0,95;20;50;3;2;1e-05;2e-05;2e-05;0;0;0
"200";0,95;20;50;3;1;1e-05;1e-05;1e-05;0;0;0
"201";0,95;20;50;3;0,1;0,65965;0,32072;0,32072;9,99999999995449e-06;0;0
"202";0,95;20;50;3;0,5;9e-05;3e-05;3e-05;0;0;0
"203";0,95;20;50;3;0,25;0,01681;0,00253;0,00253;0;0;0
"204";0,95;20;50;4;10;0;0;0;0;0;0
"205";0,95;20;50;4;4;0;0;0;0;0;0
"206";0,95;20;50;4;2;2e-05;2e-05;2e-05;0;0;0
"207";0,95;20;50;4;1;0;0;0;0;0;0
"208";0,95;20;50;4;0,1;0,40312;0,13168;0,13168;3,99999999999845e-05;1,99999999999922e-05;1,99999999999922e-05
"209";0,95;20;50;4;0,5;3e-05;1e-05;1e-05;0;0;0
"210";0,95;20;50;4;0,25;0,00136;0,00028;0,00028;0;0;0
"211";0,95;50;100;0;10;0,87684;0,95092;0,95092;0;0;0
"212";0,95;50;100;0;4;0,88613;0,95032;0,95032;0;0;0
"213";0,95;50;100;0;2;0,90927;0,9494;0,9494;0;1,00000000000655e-05;1,00000000000655e-05
"214";0,95;50;100;0;1;0,94966;0,95;0,95;0;0;0
"215";0,95;50;100;0;0,1;0,98956;0,95051;0,95051;9,99999999995449e-06;0;0
"216";0,95;50;100;0;0,5;0,97773;0,95031;0,95031;0;0;0
"217";0,95;50;100;0;0,25;0,98648;0,95009;0,95009;0;0;0
"218";0,95;50;100;1;10;6e-05;0,00018;0,00018;0;0;0
"219";0,95;50;100;1;4;4e-05;0,00015;0,00015;0;0;0
"220";0,95;50;100;1;2;3e-05;0,00015;0,00015;0;0;0
"221";0,95;50;100;1;1;3e-04;0,00034;0,00034;0;0;0
"222";0,95;50;100;1;0,1;0,90146;0,74024;0,74024;1,00000000000655e-05;9,99999999995449e-06;9,99999999995449e-06
"223";0,95;50;100;1;0,5;0,02538;0,01053;0,01053;0;0;0
"224";0,95;50;100;1;0,25;0,43993;0,238;0,238;0;9,99999999998225e-06;9,99999999998225e-06
"225";0,95;50;100;2;10;0;1e-05;1e-05;0;0;0
"226";0,95;50;100;2;4;0;0;0;0;0;0
"227";0,95;50;100;2;2;0;1e-05;1e-05;0;0;0
"228";0,95;50;100;2;1;0;1e-05;1e-05;0;0;0
"229";0,95;50;100;2;0,1;0,61622;0,36345;0,36345;2,000000000002e-05;2,99999999999745e-05;2,99999999999745e-05
"230";0,95;50;100;2;0,5;7e-05;6e-05;6e-05;0;0;0
"231";0,95;50;100;2;0,25;0,01109;0,00235;0,00235;0;0;0
"232";0,95;50;100;3;10;0;0;0;0;0;0
"233";0,95;50;100;3;4;0;0;0;0;0;0
"234";0,95;50;100;3;2;0;0;0;0;0;0
"235";0,95;50;100;3;1;0;0;0;0;0;0
"236";0,95;50;100;3;0,1;0,25444;0,09826;0,09826;1,000000000001e-05;2,00000000000061e-05;2,00000000000061e-05
"237";0,95;50;100;3;0,5;1e-05;0;0;0;0;0
"238";0,95;50;100;3;0,25;0,00022;6e-05;6e-05;0;0;0
"239";0,95;50;100;4;10;0;0;0;0;0;0
"240";0,95;50;100;4;4;0;0;0;0;0;0
"241";0,95;50;100;4;2;0;0;0;0;0;0
"242";0,95;50;100;4;1;0;0;0;0;0;0
"243";0,95;50;100;4;0,1;0,0594;0,01462;0,01462;0;0;0
"244";0,95;50;100;4;0,5;0;0;0;0;0;0
"245";0,95;50;100;4;0,25;5e-05;2e-05;2e-05;0;0;0
"246";0,95;50;20;0;10;0,99516;0,9504;0,9504;0;0;0
"247";0,95;50;20;0;4;0,99247;0,9485;0,9485;0;0;0
"248";0,95;50;20;0;2;0,98223;0,94885;0,94885;0;0;0
"249";0,95;50;20;0;1;0,94994;0,95037;0,95037;0;0;0
"250";0,95;50;20;0;0,1;0,84311;0,9499;0,9499;2,000000000002e-05;2,99999999999745e-05;2,99999999999745e-05
"251";0,95;50;20;0;0,5;0,89651;0,95115;0,95115;0;0;0
"252";0,95;50;20;0;0,25;0,86242;0,95204;0,95204;0;0;0
"253";0,95;50;20;1;10;0,00126;0,00023;0,00023;0;0;0
"254";0,95;50;20;1;4;0,00143;0,00025;0,00025;0;0;0
"255";0,95;50;20;1;2;0,00231;0,00063;0,00063;0;0;0
"256";0,95;50;20;1;1;0,02346;0,02779;0,02779;0;9,99999999999959e-06;9,99999999999959e-06
"257";0,95;50;20;1;0,1;0,70833;0,88099;0,88099;1,00000000000655e-05;0;0
"258";0,95;50;20;1;0,5;0,18846;0,31342;0,31342;0;0;0
"259";0,95;50;20;1;0,25;0,48321;0,69601;0,69601;0;0;0
"260";0,95;50;20;2;10;3e-05;0;0;0;0;0
"261";0,95;50;20;2;4;2e-05;0;0;0;0;0
"262";0,95;50;20;2;2;3e-05;1e-05;1e-05;0;0;0
"263";0,95;50;20;2;1;8e-05;0,00017;0,00017;0;0;0
"264";0,95;50;20;2;0,1;0,53744;0,76506;0,76506;1,00000000000655e-05;1,9999999999909e-05;1,9999999999909e-05
"265";0,95;50;20;2;0,5;0,00442;0,01397;0,01397;0;0;0
"266";0,95;50;20;2;0,25;0,13159;0,28775;0,28775;0;0;0
"267";0,95;50;20;3;10;1e-05;0;0;0;0;0
"268";0,95;50;20;3;4;0;0;0;0;0;0
"269";0,95;50;20;3;2;1e-05;0;0;0;0;0
"270";0,95;50;20;3;1;0;0;0;0;0;0
"271";0,95;50;20;3;0,1;0,36315;0,60704;0,60704;9,99999999995449e-06;0;0
"272";0,95;50;20;3;0,5;0,00017;0,00077;0,00077;0;0;0
"273";0,95;50;20;3;0,25;0,01892;0,066;0,066;0;0;0
"274";0,95;50;20;4;10;0;0;0;0;0;0
"275";0,95;50;20;4;4;0;0;0;0;0;0
"276";0,95;50;20;4;2;0;0;0;0;0;0
"277";0,95;50;20;4;1;0;0;0;0;0;0
"278";0,95;50;20;4;0,1;0,21582;0,43373;0,43373;0;3,99999999999845e-05;3,99999999999845e-05
"279";0,95;50;20;4;0,5;5e-05;0,00016;0,00016;0;0;0
"280";0,95;50;20;4;0,25;0,00283;0,01222;0,01222;0;0;0
"281";0,95;50;50;0;10;0,94981;0,95132;0,95132;0;1,00000000000655e-05;1,00000000000655e-05
"282";0,95;50;50;0;4;0,95038;0,95156;0,95156;0;0;0
"283";0,95;50;50;0;2;0,94972;0,95049;0,95049;9,99999999995449e-06;0;0
"284";0,95;50;50;0;1;0,94998;0,95003;0,95003;1,00000000000655e-05;0;0
"285";0,95;50;50;0;0,1;0,94906;0,95064;0,95064;1,00000000000655e-05;0;0
"286";0,95;50;50;0;0,5;0,94996;0,9506;0,9506;0;0;0
"287";0,95;50;50;0;0,25;0,94952;0,95066;0,95066;0;9,99999999995449e-06;9,99999999995449e-06
"288";0,95;50;50;1;10;0,00023;0,00023;0,00023;0;0;0
"289";0,95;50;50;1;4;0,00022;0,00023;0,00023;0;0;0
"290";0,95;50;50;1;2;0,00022;0,00024;0,00024;0;0;0
"291";0,95;50;50;1;1;0,0013;0,00132;0,00132;0;0;0
"292";0,95;50;50;1;0,1;0,81689;0,82084;0,82084;0;2,000000000002e-05;2,000000000002e-05
"293";0,95;50;50;1;0,5;0,07074;0,07141;0,07141;9,99999999999612e-06;9,99999999999612e-06;9,99999999999612e-06
"294";0,95;50;50;1;0,25;0,46176;0,46649;0,46649;2,000000000002e-05;1,000000000001e-05;1,000000000001e-05
"295";0,95;50;50;2;10;0;0;0;0;0;0
"296";0,95;50;50;2;4;0;0;0;0;0;0
"297";0,95;50;50;2;2;3e-05;3e-05;3e-05;0;0;0
"298";0,95;50;50;2;1;0;0;0;0;0;0
"299";0,95;50;50;2;0,1;0,57494;0,58119;0,58119;9,99999999995449e-06;9,99999999995449e-06;9,99999999995449e-06
"300";0,95;50;50;2;0,5;0,00022;0,00023;0,00023;0;0;0
"301";0,95;50;50;2;0,25;0,0469;0,04794;0,04794;0;1,00000000000031e-05;1,00000000000031e-05
"302";0,95;50;50;3;10;0;0;0;0;0;0
"303";0,95;50;50;3;4;0;0;0;0;0;0
"304";0,95;50;50;3;2;0;0;0;0;0;0
"305";0,95;50;50;3;1;1e-05;1e-05;1e-05;0;0;0
"306";0,95;50;50;3;0,1;0,31153;0,31658;0,31658;9,99999999995449e-06;9,99999999995449e-06;9,99999999995449e-06
"307";0,95;50;50;3;0,5;2e-05;3e-05;3e-05;0;0;0
"308";0,95;50;50;3;0,25;0,00164;0,00169;0,00169;0;0;0
"309";0,95;50;50;4;10;0;0;0;0;0;0
"310";0,95;50;50;4;4;0;0;0;0;0;0
"311";0,95;50;50;4;2;0;0;0;0;0;0
"312";0,95;50;50;4;1;0;0;0;0;0;0
"313";0,95;50;50;4;0,1;0,12529;0,12812;0,12812;1,000000000001e-05;1,000000000001e-05;1,000000000001e-05
"314";0,95;50;50;4;0,5;1e-05;1e-05;1e-05;0;0;0
"315";0,95;50;50;4;0,25;0,00018;0,00018;0,00018;0;0;0
