"conf.level";"n1";"n2";"m1-m2";"sd1/sd2";"p_Cohen_NH0";"p_Shieh_NH0";"p_transfoshieh_NH0";"CICohen_vs_Student";"CIShieh_vs_Welch";"CItransfoShieh_vs_Welch"
"1";0,95;100;100;0;10;0,94875;0,94943;0,94943;9,99999999995449e-06;0;0
"2";0,95;100;100;0;4;0,94997;0,95049;0,95049;0;0;0
"3";0,95;100;100;0;2;0,94972;0,94994;0,94994;9,99999999995449e-06;0;0
"4";0,95;100;100;0;1;0,9519;0,95192;0,95192;0;0;0
"5";0,95;100;100;0;0,1;0,94934;0,95006;0,95006;0;1,00000000000655e-05;1,00000000000655e-05
"6";0,95;100;100;0;0,5;0,95002;0,95031;0,95031;0;0;0
"7";0,95;100;100;0;0,25;0,94985;0,95054;0,95054;9,99999999995449e-06;0;0
"8";0,95;100;100;1;10;0;0;0;0;0;0
"9";0,95;100;100;1;4;0;0;0;0;0;0
"10";0,95;100;100;1;2;0;0;0;0;0;0
"11";0,95;100;100;1;1;0;0;0;0;0;0
"12";0,95;100;100;1;0,1;0,74035;0,74285;0,74285;9,99999999995449e-06;2,000000000002e-05;2,000000000002e-05
"13";0,95;100;100;1;0,5;0,00252;0,00254;0,00254;0;0;0
"14";0,95;100;100;1;0,25;0,21968;0,22147;0,22147;9,99999999998225e-06;0;0
"15";0,95;100;100;2;10;0;0;0;0;0;0
"16";0,95;100;100;2;4;0;0;0;0;0;0
"17";0,95;100;100;2;2;0;0;0;0;0;0
"18";0,95;100;100;2;1;0;0;0;0;0;0
"19";0,95;100;100;2;0,1;0,36672;0,36926;0,36926;1,000000000001e-05;0;0
"20";0,95;100;100;2;0,5;0;0;0;0;0;0
"21";0,95;100;100;2;0,25;0,00068;0,00071;0,00071;0;0;0
"22";0,95;100;100;3;10;0;0;0;0;0;0
"23";0,95;100;100;3;4;0;0;0;0;0;0
"24";0,95;100;100;3;2;0;0;0;0;0;0
"25";0,95;100;100;3;1;0;0;0;0;0;0
"26";0,95;100;100;3;0,1;0,09097;0,09215;0,09215;0;1,99999999999922e-05;1,99999999999922e-05
"27";0,95;100;100;3;0,5;0;0;0;0;0;0
"28";0,95;100;100;3;0,25;0;0;0;0;0;0
"29";0,95;100;100;4;10;0;0;0;0;0;0
"30";0,95;100;100;4;4;0;0;0;0;0;0
"31";0,95;100;100;4;2;0;0;0;0;0;0
"32";0,95;100;100;4;1;0;0;0;0;0;0
"33";0,95;100;100;4;0,1;0,01084;0,01111;0,01111;0;0;0
"34";0,95;100;100;4;0,5;0;0;0;0;0;0
"35";0,95;100;100;4;0,25;0;0;0;0;0;0
"36";0,95;100;20;0;10;0,99977;0,94999;0,94999;0;9,99999999995449e-06;9,99999999995449e-06
"37";0,95;100;20;0;4;0,99903;0,94947;0,94947;0;0;0
"38";0,95;100;20;0;2;0,99344;0,94923;0,94923;0;0;0
"39";0,95;100;20;0;1;0,95033;0,94944;0,94944;0;9,99999999995449e-06;9,99999999995449e-06
"40";0,95;100;20;0;0,1;0,76504;0,94968;0,94968;0;9,99999999995449e-06;9,99999999995449e-06
"41";0,95;100;20;0;0,5;0,85787;0,9493;0,9493;0;1,00000000000655e-05;1,00000000000655e-05
"42";0,95;100;20;0;0,25;0,79377;0,94932;0,94932;0;1,00000000000655e-05;1,00000000000655e-05
"43";0,95;100;20;1;10;0;0;0;0;0;0
"44";0,95;100;20;1;4;0;0;0;0;0;0
"45";0,95;100;20;1;2;0;0;0;0;0;0
"46";0,95;100;20;1;1;0,00783;0,0093;0,0093;0;0;0
"47";0,95;100;20;1;0,1;0,6143;0,88869;0,88869;0;0;0
"48";0,95;100;20;1;0,5;0,13464;0,32137;0,32137;0;1,000000000001e-05;1,000000000001e-05
"49";0,95;100;20;1;0,25;0,39234;0,7212;0,7212;0;9,99999999995449e-06;9,99999999995449e-06
"50";0,95;100;20;2;10;0;0;0;0;0;0
"51";0,95;100;20;2;4;0;0;0;0;0;0
"52";0,95;100;20;2;2;0;0;0;0;0;0
"53";0,95;100;20;2;1;0;0;0;0;0;0
"54";0,95;100;20;2;0,1;0,43855;0,78416;0,78416;0;2,99999999999745e-05;2,99999999999745e-05
"55";0,95;100;20;2;0,5;0,00045;0,00413;0,00413;0;0;0
"56";0,95;100;20;2;0,25;0,08233;0,30992;0,30992;9,99999999999612e-06;9,99999999995449e-06;9,99999999995449e-06
"57";0,95;100;20;3;10;0;0;0;0;0;0
"58";0,95;100;20;3;4;0;0;0;0;0;0
"59";0,95;100;20;3;2;0;0;0;0;0;0
"60";0,95;100;20;3;1;0;0;0;0;0;0
"61";0,95;100;20;3;0,1;0,27361;0,63966;0,63966;0;9,99999999995449e-06;9,99999999995449e-06
"62";0,95;100;20;3;0,5;0;0;0;0;0;0
"63";0,95;100;20;3;0,25;0,00607;0,05698;0,05698;0;0;0
"64";0,95;100;20;4;10;0;0;0;0;0;0
"65";0,95;100;20;4;4;0;0;0;0;0;0
"66";0,95;100;20;4;2;0;0;0;0;0;0
"67";0,95;100;20;4;1;0;0;0;0;0;0
"68";0,95;100;20;4;0,1;0,15059;0,47374;0,47374;0;2,000000000002e-05;2,000000000002e-05
"69";0,95;100;20;4;0,5;0;0;0;0;0;0
"70";0,95;100;20;4;0,25;0,00018;0,0038;0,0038;0;0;0
"71";0,95;100;50;0;10;0,98885;0,94913;0,94913;0;0;0
"72";0,95;100;50;0;4;0,98698;0,94942;0,94942;0;0;0
"73";0,95;100;50;0;2;0,97795;0,95059;0,95059;0;1,00000000000655e-05;1,00000000000655e-05
"74";0,95;100;50;0;1;0,95019;0,95014;0,95014;0;9,99999999995449e-06;9,99999999995449e-06
"75";0,95;100;50;0;0,1;0,87565;0,94964;0,94964;0;1,00000000000655e-05;1,00000000000655e-05
"76";0,95;100;50;0;0,5;0,90926;0,94935;0,94935;0;0;0
"77";0,95;100;50;0;0,25;0,88653;0,94995;0,94995;2,000000000002e-05;9,99999999995449e-06;9,99999999995449e-06
"78";0,95;100;50;1;10;0;0;0;0;0;0
"79";0,95;100;50;1;4;0;0;0;0;0;0
"80";0,95;100;50;1;2;0;0;0;0;0;0
"81";0,95;100;50;1;1;2e-05;3e-05;3e-05;0;0;0
"82";0,95;100;50;1;0,1;0,67979;0,8288;0,8288;0;0;0
"83";0,95;100;50;1;0,5;0,0231;0,04761;0,04761;0;9,99999999999612e-06;9,99999999999612e-06
"84";0,95;100;50;1;0,25;0,30382;0,4733;0,4733;9,99999999995449e-06;1,000000000001e-05;1,000000000001e-05
"85";0,95;100;50;2;10;0;0;0;0;0;0
"86";0,95;100;50;2;4;0;0;0;0;0;0
"87";0,95;100;50;2;2;0;0;0;0;0;0
"88";0,95;100;50;2;1;0;0;0;0;0;0
"89";0,95;100;50;2;0,1;0,4068;0,6012;0,6012;2,99999999999745e-05;1,9999999999909e-05;1,9999999999909e-05
"90";0,95;100;50;2;0,5;0;0;0;0;0;0
"91";0,95;100;50;2;0,25;0,01185;0,03625;0,03625;0;9,99999999999612e-06;9,99999999999612e-06
"92";0,95;100;50;3;10;0;0;0;0;0;0
"93";0,95;100;50;3;4;0;0;0;0;0;0
"94";0,95;100;50;3;2;0;0;0;0;0;0
"95";0,95;100;50;3;1;0;0;0;0;0;0
"96";0,95;100;50;3;0,1;0,17407;0,32896;0,32896;0;0;0
"97";0,95;100;50;3;0,5;0;0;0;0;0;0
"98";0,95;100;50;3;0,25;1e-05;0,00013;0,00013;0;0;0
"99";0,95;100;50;4;10;0;0;0;0;0;0
"100";0,95;100;50;4;4;0;0;0;0;0;0
"101";0,95;100;50;4;2;0;0;0;0;0;0
"102";0,95;100;50;4;1;0;0;0;0;0;0
"103";0,95;100;50;4;0,1;0,05098;0,13047;0,13047;9,99999999999612e-06;0;0
"104";0,95;100;50;4;0,5;0;0;0;0;0;0
"105";0,95;100;50;4;0,25;0;0;0;0;0;0
"106";0,95;20;100;0;10;0,76723;0,94869;0,94869;0;0;0
"107";0,95;20;100;0;4;0,7946;0,9487;0,9487;0;0;0
"108";0,95;20;100;0;2;0,85671;0,95002;0,95002;0;0;0
"109";0,95;20;100;0;1;0,95014;0,94998;0,94998;0;2,000000000002e-05;2,000000000002e-05
"110";0,95;20;100;0;0,1;0,9998;0,95089;0,95089;0;0;0
"111";0,95;20;100;0;0,5;0,99362;0,94909;0,94909;0;0;0
"112";0,95;20;100;0;0,25;0,99936;0,9505;0,9505;0;0;0
"113";0,95;20;100;1;10;7e-05;0,00316;0,00316;0;0;0
"114";0,95;20;100;1;4;0,00014;0,00369;0,00369;0;0;0
"115";0,95;20;100;1;2;0,00044;0,00407;0,00407;0;0;0
"116";0,95;20;100;1;1;0,00733;0,00869;0,00869;0;0;0
"117";0,95;20;100;1;0,1;0,99476;0,74985;0,74985;0;0;0
"118";0,95;20;100;1;0,5;0,21492;0,05014;0,05014;1,99999999999922e-05;0;0
"119";0,95;20;100;1;0,25;0,85415;0,29926;0,29926;0;0;0
"120";0,95;20;100;2;10;0;0;0;0;0;0
"121";0,95;20;100;2;4;0;0;0;0;0;0
"122";0,95;20;100;2;2;0;0;0;0;0;0
"123";0,95;20;100;2;1;0;0;0;0;0;0
"124";0,95;20;100;2;0,1;0,94705;0,38362;0,38362;0;0;0
"125";0,95;20;100;2;0,5;2e-05;0;0;0;0;0
"126";0,95;20;100;2;0,25;0,13873;0,00379;0,00379;0;0;0
"127";0,95;20;100;3;10;0;0;0;0;0;0
"128";0,95;20;100;3;4;0;0;0;0;0;0
"129";0,95;20;100;3;2;0;0;0;0;0;0
"130";0,95;20;100;3;1;0;0;0;0;0;0
"131";0,95;20;100;3;0,1;0,75092;0,10132;0,10132;1,00000000000655e-05;0;0
"132";0,95;20;100;3;0,5;0;0;0;0;0;0
"133";0,95;20;100;3;0,25;0,00062;0;0;0;0;0
"134";0,95;20;100;4;10;0;0;0;0;0;0
"135";0,95;20;100;4;4;0;0;0;0;0;0
"136";0,95;20;100;4;2;0;0;0;0;0;0
"137";0,95;20;100;4;1;0;0;0;0;0;0
"138";0,95;20;100;4;0,1;0,39673;0,01267;0,01267;4,000000000004e-05;0;0
"139";0,95;20;100;4;0,5;0;0;0;0;0;0
"140";0,95;20;100;4;0,25;0;0;0;0;0;0
"141";0,95;20;20;0;10;0,94627;0,95033;0,95033;0;0;0
"142";0,95;20;20;0;4;0,94579;0,94876;0,94876;0;2,000000000002e-05;2,000000000002e-05
"143";0,95;20;20;0;2;0,94738;0,94872;0,94872;9,99999999995449e-06;0;0
"144";0,95;20;20;0;1;0,94895;0,94908;0,94908;9,99999999995449e-06;0;0
"145";0,95;20;20;0;0,1;0,94454;0,94857;0,94857;0;0;0
"146";0,95;20;20;0;0,5;0,94863;0,94987;0,94987;0;0;0
"147";0,95;20;20;0;0,25;0,94693;0,94989;0,94989;0;0;0
"148";0,95;20;20;1;10;0,00312;0,00356;0,00356;0;0;0
"149";0,95;20;20;1;4;0,00413;0,00451;0,00451;0;0;0
"150";0,95;20;20;1;2;0,01076;0,0112;0,0112;0;0;0
"151";0,95;20;20;1;1;0,07142;0,07166;0,07166;0;0;0
"152";0,95;20;20;1;0,1;0,88097;0,88827;0,88827;1,00000000000655e-05;9,99999999995449e-06;9,99999999995449e-06
"153";0,95;20;20;1;0,5;0,37638;0,38251;0,38251;0;0;0
"154";0,95;20;20;1;0,25;0,71463;0,72512;0,72512;2,000000000002e-05;0;0
"155";0,95;20;20;2;10;0;0;0;0;0;0
"156";0,95;20;20;2;4;0;0;0;0;0;0
"157";0,95;20;20;2;2;0;0;0;0;0;0
"158";0,95;20;20;2;1;2e-05;2e-05;2e-05;0;0;0
"159";0,95;20;20;2;0,1;0,77505;0,78594;0,78594;0;9,99999999995449e-06;9,99999999995449e-06
"160";0,95;20;20;2;0,5;0,0112;0,01152;0,01152;0;0;0
"161";0,95;20;20;2;0,25;0,31324;0,32469;0,32469;2,000000000002e-05;1,99999999999645e-05;1,99999999999645e-05
"162";0,95;20;20;3;10;0;0;0;0;0;0
"163";0,95;20;20;3;4;0;0;0;0;0;0
"164";0,95;20;20;3;2;0;0;0;0;0;0
"165";0,95;20;20;3;1;0;0;0;0;0;0
"166";0,95;20;20;3;0,1;0,62609;0,64038;0,64038;0;9,99999999995449e-06;9,99999999995449e-06
"167";0,95;20;20;3;0,5;1e-05;1e-05;1e-05;0;0;0
"168";0,95;20;20;3;0,25;0,06087;0,06523;0,06523;0;0;0
"169";0,95;20;20;4;10;0;0;0;0;0;0
"170";0,95;20;20;4;4;0;0;0;0;0;0
"171";0,95;20;20;4;2;0;0;0;0;0;0
"172";0,95;20;20;4;1;0;0;0;0;0;0
"173";0,95;20;20;4;0,1;0,45912;0,47508;0,47508;1,99999999999645e-05;3,000000000003e-05;3,000000000003e-05
"174";0,95;20;20;4;0,5;0;0;0;0;0;0
"175";0,95;20;20;4;0,25;0,00451;0,00503;0,00503;0;0;0
"176";0,95;20;50;0;10;0,84896;0,94978;0,94978;0;0;0
"177";0,95;20;50;0;4;0,86237;0,95039;0,95039;0;0;0
"178";0,95;20;50;0;2;0,8975;0,95175;0,95175;0;9,99999999995449e-06;9,99999999995449e-06
"179";0,95;20;50;0;1;0,94998;0,94968;0,94968;0;0;0
"180";0,95;20;50;0;0,1;0,99388;0,94911;0,94911;0;9,99999999995449e-06;9,99999999995449e-06
"181";0,95;20;50;0;0,5;0,9835;0,94994;0,94994;0;9,99999999995449e-06;9,99999999995449e-06
"182";0,95;20;50;0;0,25;0,99203;0,95068;0,95068;0;9,99999999995449e-06;9,99999999995449e-06
"183";0,95;20;50;1;10;0,00025;0,00315;0,00315;0;1e-05;1e-05
"184";0,95;20;50;1;4;0,00056;0,00375;0,00375;0;0;0
"185";0,95;20;50;1;2;0,00129;0,00576;0,00576;0;0;0
"186";0,95;20;50;1;1;0,01774;0,01907;0,01907;9,99999999999959e-06;0;0
"187";0,95;20;50;1;0,1;0,96824;0,82839;0,82839;0;9,99999999995449e-06;9,99999999995449e-06
"188";0,95;20;50;1;0,5;0,27807;0,13796;0,13796;1,000000000001e-05;1,000000000001e-05;1,000000000001e-05
"189";0,95;20;50;1;0,25;0,79384;0,50966;0,50966;2,000000000002e-05;2,000000000002e-05;2,000000000002e-05
"190";0,95;20;50;2;10;0;0;0;0;0;0
"191";0,95;20;50;2;4;0;0;0;0;0;0
"192";0,95;20;50;2;2;0;0;0;0;0;0
"193";0,95;20;50;2;1;0;0;0;0;0;0
"194";0,95;20;50;2;0,1;0,88064;0,60735;0,60735;2,000000000002e-05;0;0
"195";0,95;20;50;2;0,5;0,00041;4e-05;4e-05;0;0;0
"196";0,95;20;50;2;0,25;0,21669;0,05284;0,05284;9,99999999998225e-06;0;0
"197";0,95;20;50;3;10;0;0;0;0;0;0
"198";0,95;20;50;3;4;0;0;0;0;0;0
"199";0,95;20;50;3;2;0;0;0;0;0;0
"200";0,95;20;50;3;1;0;0;0;0;0;0
"201";0,95;20;50;3;0,1;0,69077;0,33709;0,33709;9,99999999995449e-06;1,000000000001e-05;1,000000000001e-05
"202";0,95;20;50;3;0,5;0;0;0;0;0;0
"203";0,95;20;50;3;0,25;0,0086;0,00073;0,00073;0;0;0
"204";0,95;20;50;4;10;0;0;0;0;0;0
"205";0,95;20;50;4;4;0;0;0;0;0;0
"206";0,95;20;50;4;2;0;0;0;0;0;0
"207";0,95;20;50;4;1;0;0;0;0;0;0
"208";0,95;20;50;4;0,1;0,43038;0,13388;0,13388;0;0;0
"209";0,95;20;50;4;0,5;0;0;0;0;0;0
"210";0,95;20;50;4;0,25;4e-05;0;0;0;0;0
"211";0,95;50;100;0;10;0,87634;0,94894;0,94894;0;0;0
"212";0,95;50;100;0;4;0,88494;0,9503;0,9503;0;0;0
"213";0,95;50;100;0;2;0,90921;0,94977;0,94977;0;0;0
"214";0,95;50;100;0;1;0,94983;0,94981;0,94981;0;0;0
"215";0,95;50;100;0;0,1;0,98932;0,95029;0,95029;0;9,99999999995449e-06;9,99999999995449e-06
"216";0,95;50;100;0;0,5;0,97694;0,94967;0,94967;0;1,00000000000655e-05;1,00000000000655e-05
"217";0,95;50;100;0;0,25;0,98629;0,95125;0,95125;0;0;0
"218";0,95;50;100;1;10;0;0;0;0;0;0
"219";0,95;50;100;1;4;0;0;0;0;0;0
"220";0,95;50;100;1;2;0;0;0;0;0;0
"221";0,95;50;100;1;1;3e-05;3e-05;3e-05;0;0;0
"222";0,95;50;100;1;0,1;0,90471;0,74456;0,74456;0;2,000000000002e-05;2,000000000002e-05
"223";0,95;50;100;1;0,5;0,02109;0,00842;0,00842;0;0;0
"224";0,95;50;100;1;0,25;0,4552;0,24293;0,24293;2,000000000002e-05;0;0
"225";0,95;50;100;2;10;0;0;0;0;0;0
"226";0,95;50;100;2;4;0;0;0;0;0;0
"227";0,95;50;100;2;2;0;0;0;0;0;0
"228";0,95;50;100;2;1;0;0;0;0;0;0
"229";0,95;50;100;2;0,1;0,63257;0,37355;0,37355;2,99999999999745e-05;0;0
"230";0,95;50;100;2;0,5;0;0;0;0;0;0
"231";0,95;50;100;2;0,25;0,00708;0,00117;0,00117;0;0;0
"232";0,95;50;100;3;10;0;0;0;0;0;0
"233";0,95;50;100;3;4;0;0;0;0;0;0
"234";0,95;50;100;3;2;0;0;0;0;0;0
"235";0,95;50;100;3;1;0;0;0;0;0;0
"236";0,95;50;100;3;0,1;0,25847;0,09419;0,09419;9,99999999995449e-06;0;0
"237";0,95;50;100;3;0,5;0;0;0;0;0;0
"238";0,95;50;100;3;0,25;0;0;0;0;0;0
"239";0,95;50;100;4;10;0;0;0;0;0;0
"240";0,95;50;100;4;4;0;0;0;0;0;0
"241";0,95;50;100;4;2;0;0;0;0;0;0
"242";0,95;50;100;4;1;0;0;0;0;0;0
"243";0,95;50;100;4;0,1;0,05224;0,01057;0,01057;0;9,99999999999959e-06;9,99999999999959e-06
"244";0,95;50;100;4;0,5;0;0;0;0;0;0
"245";0,95;50;100;4;0,25;0;0;0;0;0;0
"246";0,95;50;20;0;10;0,99399;0,9495;0,9495;1,00000000000655e-05;1,00000000000655e-05;1,00000000000655e-05
"247";0,95;50;20;0;4;0,9919;0,94992;0,94992;0;0;0
"248";0,95;50;20;0;2;0,98409;0,95048;0,95048;0;0;0
"249";0,95;50;20;0;1;0,95015;0,95014;0,95014;0;0;0
"250";0,95;50;20;0;0,1;0,84987;0,95023;0,95023;0;0;0
"251";0,95;50;20;0;0,5;0,8936;0,94831;0,94831;0;9,99999999995449e-06;9,99999999995449e-06
"252";0,95;50;20;0;0,25;0,86046;0,94971;0,94971;9,99999999995449e-06;0;0
"253";0,95;50;20;1;10;1e-05;0;0;0;0;0
"254";0,95;50;20;1;4;6e-05;0;0;0;0;0
"255";0,95;50;20;1;2;0,00047;6e-05;6e-05;0;0;0
"256";0,95;50;20;1;1;0,01788;0,01938;0,01938;0;0;0
"257";0,95;50;20;1;0,1;0,7219;0,88875;0,88875;0;1,00000000000655e-05;1,00000000000655e-05
"258";0,95;50;20;1;0,5;0,19713;0,33795;0,33795;0;0;0
"259";0,95;50;20;1;0,25;0,49936;0,71904;0,71904;1,000000000001e-05;2,000000000002e-05;2,000000000002e-05
"260";0,95;50;20;2;10;0;0;0;0;0;0
"261";0,95;50;20;2;4;0;0;0;0;0;0
"262";0,95;50;20;2;2;0;0;0;0;0;0
"263";0,95;50;20;2;1;0;0;0;0;0;0
"264";0,95;50;20;2;0,1;0,55735;0,78353;0,78353;1,00000000000655e-05;0;0
"265";0,95;50;20;2;0,5;0,00143;0,00597;0,00597;0;0;0
"266";0,95;50;20;2;0,25;0,13548;0,31361;0,31361;0;1,000000000001e-05;1,000000000001e-05
"267";0,95;50;20;3;10;0;0;0;0;0;0
"268";0,95;50;20;3;4;0;0;0;0;0;0
"269";0,95;50;20;3;2;0;0;0;0;0;0
"270";0,95;50;20;3;1;0;0;0;0;0;0
"271";0,95;50;20;3;0,1;0,3865;0,64397;0,64397;3,000000000003e-05;1,00000000000655e-05;1,00000000000655e-05
"272";0,95;50;20;3;0,5;0;0;0;0;0;0
"273";0,95;50;20;3;0,25;0,01371;0,05832;0,05832;0;9,99999999999612e-06;9,99999999999612e-06
"274";0,95;50;20;4;10;0;0;0;0;0;0
"275";0,95;50;20;4;4;0;0;0;0;0;0
"276";0,95;50;20;4;2;0;0;0;0;0;0
"277";0,95;50;20;4;1;0;0;0;0;0;0
"278";0,95;50;20;4;0,1;0,23268;0,47353;0,47353;0;1,000000000001e-05;1,000000000001e-05
"279";0,95;50;20;4;0,5;0;0;0;0;0;0
"280";0,95;50;20;4;0,25;0,00051;0,0044;0,0044;0;0;0
"281";0,95;50;50;0;10;0,94903;0,95044;0,95044;0;0;0
"282";0,95;50;50;0;4;0,94951;0,9507;0,9507;0;0;0
"283";0,95;50;50;0;2;0,9495;0,95013;0,95013;1,00000000000655e-05;0;0
"284";0,95;50;50;0;1;0,95066;0,95067;0,95067;0;0;0
"285";0,95;50;50;0;0,1;0,94847;0,95001;0,95001;0;0;0
"286";0,95;50;50;0;0,5;0,94757;0,94814;0,94814;0;9,99999999995449e-06;9,99999999995449e-06
"287";0,95;50;50;0;0,25;0,94888;0,95017;0,95017;9,99999999995449e-06;9,99999999995449e-06;9,99999999995449e-06
"288";0,95;50;50;1;10;0;0;0;0;0;0
"289";0,95;50;50;1;4;0;0;0;0;0;0
"290";0,95;50;50;1;2;0;0;0;0;0;0
"291";0,95;50;50;1;1;0,00038;0,00038;0,00038;0;0;0
"292";0,95;50;50;1;0,1;0,82801;0,83189;0,83189;0;1,00000000000655e-05;1,00000000000655e-05
"293";0,95;50;50;1;0,5;0,06953;0,07029;0,07029;0;1,000000000001e-05;1,000000000001e-05
"294";0,95;50;50;1;0,25;0,4766;0,4815;0,4815;1,000000000001e-05;0;0
"295";0,95;50;50;2;10;0;0;0;0;0;0
"296";0,95;50;50;2;4;0;0;0;0;0;0
"297";0,95;50;50;2;2;0;0;0;0;0;0
"298";0,95;50;50;2;1;0;0;0;0;0;0
"299";0,95;50;50;2;0,1;0,59666;0,60224;0,60224;9,99999999995449e-06;2,000000000002e-05;2,000000000002e-05
"300";0,95;50;50;2;0,5;0;0;0;0;0;0
"301";0,95;50;50;2;0,25;0,03783;0,03896;0,03896;0;1,00000000000031e-05;1,00000000000031e-05
"302";0,95;50;50;3;10;0;0;0;0;0;0
"303";0,95;50;50;3;4;0;0;0;0;0;0
"304";0,95;50;50;3;2;0;0;0;0;0;0
"305";0,95;50;50;3;1;0;0;0;0;0;0
"306";0,95;50;50;3;0,1;0,32753;0,33287;0,33287;0;1,000000000001e-05;1,000000000001e-05
"307";0,95;50;50;3;0,5;0;0;0;0;0;0
"308";0,95;50;50;3;0,25;2e-04;0,00021;0,00021;0;0;0
"309";0,95;50;50;4;10;0;0;0;0;0;0
"310";0,95;50;50;4;4;0;0;0;0;0;0
"311";0,95;50;50;4;2;0;0;0;0;0;0
"312";0,95;50;50;4;1;0;0;0;0;0;0
"313";0,95;50;50;4;0,1;0,12604;0,12922;0,12922;0;1,000000000001e-05;1,000000000001e-05
"314";0,95;50;50;4;0,5;0;0;0;0;0;0
"315";0,95;50;50;4;0,25;0;0;0;0;0;0
