"conf.level";"n1";"n2";"m1-m2";"sd1/sd2";"p_Cohen_NH0";"p_Shieh_NH0";"p_transfoshieh_NH0";"CICohen_vs_Student";"CIShieh_vs_Welch";"CItransfoShieh_vs_Welch"
"1";0,95;100;100;0;10;0,9081;0,9094;0,9094;0;0;0
"2";0,95;100;100;0;4;0,91473;0,91543;0,91543;0;0;0
"3";0,95;100;100;0;2;0,93596;0,93631;0,93631;0;0;0
"4";0,95;100;100;0;1;0,9541;0,95455;0,95455;0;9,99999999995449e-06;9,99999999995449e-06
"5";0,95;100;100;0;0,1;0,90707;0,90828;0,90828;0;0;0
"6";0,95;100;100;0;0,5;0,93429;0,93465;0,93465;0;0;0
"7";0,95;100;100;0;0,25;0,91444;0,91525;0,91525;0;0;0
"8";0,95;100;100;1;10;0;0;0;0;0;0
"9";0,95;100;100;1;4;0;0;0;0;0;0
"10";0,95;100;100;1;2;4e-05;4e-05;4e-05;0;0;0
"11";0,95;100;100;1;1;0,0014;0,00142;0,00142;0;0;0
"12";0,95;100;100;1;0,1;0,69494;0,6976;0,6976;0;0;0
"13";0,95;100;100;1;0,5;0,04514;0,04573;0,04573;0;0;0
"14";0,95;100;100;1;0,25;0,31196;0,31386;0,31386;0;9,99999999995449e-06;9,99999999995449e-06
"15";0,95;100;100;2;10;0;0;0;0;0;0
"16";0,95;100;100;2;4;0;0;0;0;0;0
"17";0,95;100;100;2;2;0;0;0;0;0;0
"18";0,95;100;100;2;1;2e-05;2e-05;2e-05;0;0;0
"19";0,95;100;100;2;0,1;0,41604;0,41873;0,41873;0;1,000000000001e-05;1,000000000001e-05
"20";0,95;100;100;2;0,5;0,00105;0,00105;0,00105;0;0;0
"21";0,95;100;100;2;0,25;0,038;0,03861;0,03861;0;0;0
"22";0,95;100;100;3;10;0;0;0;0;0;0
"23";0,95;100;100;3;4;0;0;0;0;0;0
"24";0,95;100;100;3;2;0;0;0;0;0;0
"25";0,95;100;100;3;1;0;0;0;0;0;0
"26";0,95;100;100;3;0,1;0,20387;0,20583;0,20583;1,99999999999922e-05;1,000000000001e-05;1,000000000001e-05
"27";0,95;100;100;3;0,5;0,00011;0,00011;0,00011;0;0;0
"28";0,95;100;100;3;0,25;0,005;0,00507;0,00507;0;0;0
"29";0,95;100;100;4;10;0;0;0;0;0;0
"30";0,95;100;100;4;4;0;0;0;0;0;0
"31";0,95;100;100;4;2;0;0;0;0;0;0
"32";0,95;100;100;4;1;0;0;0;0;0;0
"33";0,95;100;100;4;0,1;0,08942;0,0906;0,0906;2,00000000000061e-05;0;0
"34";0,95;100;100;4;0,5;0;0;0;0;0;0
"35";0,95;100;100;4;0,25;0,00076;8e-04;8e-04;0;0;0
"36";0,95;100;20;0;10;0,99325;0,91765;0,91765;0;0;0
"37";0,95;100;20;0;4;0,99042;0,94231;0,94231;0;0;0
"38";0,95;100;20;0;2;0,98014;0,95848;0,95848;0;0;0
"39";0,95;100;20;0;1;0,95309;0,89611;0,89611;0;0;0
"40";0,95;100;20;0;0,1;0,5565;0,83498;0,83498;9,99999999995449e-06;0;0
"41";0,95;100;20;0;0,5;0,78768;0,84919;0,84919;0;0;0
"42";0,95;100;20;0;0,25;0,62489;0,83613;0,83613;0;0;0
"43";0,95;100;20;1;10;0,00185;0;0;0;0;0
"44";0,95;100;20;1;4;0,00191;0,00057;0,00057;0;0;0
"45";0,95;100;20;1;2;0,0058;0,01046;0,01046;0;0;0
"46";0,95;100;20;1;1;0,04628;0,10017;0,10017;0;0;0
"47";0,95;100;20;1;0,1;0,46953;0,72744;0,72744;0;0;0
"48";0,95;100;20;1;0,5;0,18058;0,33203;0,33203;0;0;0
"49";0,95;100;20;1;0,25;0,34334;0,56456;0,56456;0;0;0
"50";0,95;100;20;2;10;4e-05;0;0;0;0;0
"51";0,95;100;20;2;4;5e-05;0;0;0;0;0
"52";0,95;100;20;2;2;0,00014;0,00034;0,00034;0;0;0
"53";0,95;100;20;2;1;0,00135;0,0086;0,0086;0;0;0
"54";0,95;100;20;2;0,1;0,36104;0,61505;0,61505;0;0;0
"55";0,95;100;20;2;0,5;0,0251;0,09243;0,09243;0;9,99999999999612e-06;9,99999999999612e-06
"56";0,95;100;20;2;0,25;0,13822;0,32055;0,32055;1,000000000001e-05;2,000000000002e-05;2,000000000002e-05
"57";0,95;100;20;3;10;0;0;0;0;0;0
"58";0,95;100;20;3;4;1e-05;0;0;0;0;0
"59";0,95;100;20;3;2;1e-05;1e-05;1e-05;0;0;0
"60";0,95;100;20;3;1;0,00015;0,0015;0,0015;0;0;0
"61";0,95;100;20;3;0,1;0,26502;0,50475;0,50475;0;1,00000000000655e-05;1,00000000000655e-05
"62";0,95;100;20;3;0,5;0,00434;0,02637;0,02637;0;0;0
"63";0,95;100;20;3;0,25;0,0544;0,17482;0,17482;0;0;0
"64";0,95;100;20;4;10;0;0;0;0;0;0
"65";0,95;100;20;4;4;0;0;0;0;0;0
"66";0,95;100;20;4;2;0;1e-05;1e-05;0;0;0
"67";0,95;100;20;4;1;1e-05;0,00028;0,00028;0;0;0
"68";0,95;100;20;4;0,1;0,18675;0,40553;0,40553;0;0;0
"69";0,95;100;20;4;0,5;0,00116;0,00905;0,00905;0;1,00000000000013e-05;1,00000000000013e-05
"70";0,95;100;20;4;0,25;0,02145;0,09309;0,09309;0;1,000000000001e-05;1,000000000001e-05
"71";0,95;100;50;0;10;0,96279;0,91103;0,91103;0;0;0
"72";0,95;100;50;0;4;0,9634;0,92425;0,92425;0;0;0
"73";0,95;100;50;0;2;0,96521;0,95093;0,95093;0;0;0
"74";0,95;100;50;0;1;0,95528;0,9459;0,9459;0;0;0
"75";0,95;100;50;0;0,1;0,78281;0,88428;0,88428;0;0;0
"76";0,95;100;50;0;0,5;0,87808;0,90893;0,90893;0;0;0
"77";0,95;100;50;0;0,25;0,80736;0,88788;0,88788;0;0;0
"78";0,95;100;50;1;10;7e-05;0;0;0;0;0
"79";0,95;100;50;1;4;7e-05;0;0;0;0;0
"80";0,95;100;50;1;2;0,00027;0,00043;0,00043;0;0;0
"81";0,95;100;50;1;1;0,00691;0,01474;0,01474;0;0;0
"82";0,95;100;50;1;0,1;0,60432;0,72974;0,72974;0;0;0
"83";0,95;100;50;1;0,5;0,09358;0,15734;0,15734;0;0;0
"84";0,95;100;50;1;0,25;0,3351;0,46052;0,46052;0;0;0
"85";0,95;100;50;2;10;0;0;0;0;0;0
"86";0,95;100;50;2;4;0;0;0;0;0;0
"87";0,95;100;50;2;2;0;0;0;0;0;0
"88";0,95;100;50;2;1;0,00012;0,00036;0,00036;0;0;0
"89";0,95;100;50;2;0,1;0,40496;0,54311;0,54311;1,000000000001e-05;9,99999999995449e-06;9,99999999995449e-06
"90";0,95;100;50;2;0,5;0,00454;0,01205;0,01205;0;0;0
"91";0,95;100;50;2;0,25;0,08012;0,14754;0,14754;0;0;0
"92";0,95;100;50;3;10;0;0;0;0;0;0
"93";0,95;100;50;3;4;0;0;0;0;0;0
"94";0,95;100;50;3;2;0;1e-05;1e-05;0;0;0
"95";0,95;100;50;3;1;1e-05;2e-05;2e-05;0;0;0
"96";0,95;100;50;3;0,1;0,24331;0,37118;0,37118;1,000000000001e-05;1,000000000001e-05;1,000000000001e-05
"97";0,95;100;50;3;0,5;0,00055;0,00146;0,00146;0;0;0
"98";0,95;100;50;3;0,25;0,01777;0,03997;0,03997;0;0;0
"99";0,95;100;50;4;10;0;0;0;0;0;0
"100";0,95;100;50;4;4;0;0;0;0;0;0
"101";0,95;100;50;4;2;0;0;0;0;0;0
"102";0,95;100;50;4;1;0;0;0;0;0;0
"103";0,95;100;50;4;0,1;0,13474;0,23493;0,23493;0;1,000000000001e-05;1,000000000001e-05
"104";0,95;100;50;4;0,5;9e-05;0,00035;0,00035;0;0;0
"105";0,95;100;50;4;0,25;0,00361;0,01068;0,01068;0;9,99999999999959e-06;9,99999999999959e-06
"106";0,95;20;100;0;10;0,55335;0,83139;0,83139;0;0;0
"107";0,95;20;100;0;4;0,62832;0,83809;0,83809;0;0;0
"108";0,95;20;100;0;2;0,79093;0,84953;0,84953;0;0;0
"109";0,95;20;100;0;1;0,95245;0,8973;0,8973;0;0;0
"110";0,95;20;100;0;0,1;0,99331;0,91545;0,91545;0;0;0
"111";0,95;20;100;0;0,5;0,98038;0,95749;0,95749;0;0;0
"112";0,95;20;100;0;0,25;0,98975;0,94304;0,94304;1,00000000000655e-05;0;0
"113";0,95;20;100;1;10;0;0,00268;0,00268;0;0;0
"114";0,95;20;100;1;4;1e-05;0,00282;0,00282;0;0;0
"115";0,95;20;100;1;2;9e-04;0,00258;0,00258;0;0;0
"116";0,95;20;100;1;1;0,03684;0,00634;0,00634;0;0;0
"117";0,95;20;100;1;0,1;0,95486;0,70748;0,70748;0;0;0
"118";0,95;20;100;1;0,5;0,34236;0,08096;0,08096;0;0;0
"119";0,95;20;100;1;0,25;0,76739;0,36402;0,36402;0;0;0
"120";0,95;20;100;2;10;0;7e-05;7e-05;0;0;0
"121";0,95;20;100;2;4;0;9e-05;9e-05;0;0;0
"122";0,95;20;100;2;2;1e-05;9e-05;9e-05;0;0;0
"123";0,95;20;100;2;1;0,00062;0,00011;0,00011;0;0;0
"124";0,95;20;100;2;0,1;0,84887;0,429;0,429;0;2,000000000002e-05;2,000000000002e-05
"125";0,95;20;100;2;0,5;0,0239;0,00132;0,00132;0;0;0
"126";0,95;20;100;2;0,25;0,31313;0,04686;0,04686;0;0;0
"127";0,95;20;100;3;10;0;2e-05;2e-05;0;0;0
"128";0,95;20;100;3;4;0;0;0;0;0;0
"129";0,95;20;100;3;2;0;1e-05;1e-05;0;0;0
"130";0,95;20;100;3;1;5e-05;1e-05;1e-05;0;0;0
"131";0,95;20;100;3;0,1;0,67474;0,21607;0,21607;2,99999999999745e-05;1,000000000001e-05;1,000000000001e-05
"132";0,95;20;100;3;0,5;0,00249;0,00015;0,00015;0;0;0
"133";0,95;20;100;3;0,25;0,08415;0,00541;0,00541;9,99999999999612e-06;0;0
"134";0,95;20;100;4;10;0;0;0;0;0;0
"135";0,95;20;100;4;4;0;0;0;0;0;0
"136";0,95;20;100;4;2;0;0;0;0;0;0
"137";0,95;20;100;4;1;0;0;0;0;0;0
"138";0,95;20;100;4;0,1;0,47733;0,0935;0,0935;1,99999999999645e-05;9,99999999999612e-06;9,99999999999612e-06
"139";0,95;20;100;4;0,5;0,00048;0;0;0;0;0
"140";0,95;20;100;4;0,25;0,02163;0,001;0,001;0;0;0
"141";0,95;20;20;0;10;0,82983;0,83564;0,83564;0;0;0
"142";0,95;20;20;0;4;0,85199;0,85508;0,85508;0;9,99999999995449e-06;9,99999999995449e-06
"143";0,95;20;20;0;2;0,90695;0,90925;0,90925;0;0;0
"144";0,95;20;20;0;1;0,96482;0,96941;0,96941;0;0;0
"145";0,95;20;20;0;0,1;0,83029;0,83626;0,83626;0;0;0
"146";0,95;20;20;0;0,5;0,90606;0,90831;0,90831;0;0;0
"147";0,95;20;20;0;0,25;0,85201;0,85513;0,85513;0;0;0
"148";0,95;20;20;1;10;0,00203;0,00277;0,00277;0;0;0
"149";0,95;20;20;1;4;0,00312;0,00385;0,00385;0;0;0
"150";0,95;20;20;1;2;0,01947;0,02069;0,02069;0;0;0
"151";0,95;20;20;1;1;0,12928;0,13264;0,13264;0;0;0
"152";0,95;20;20;1;0,1;0,71928;0,72772;0,72772;0;0;0
"153";0,95;20;20;1;0,5;0,35859;0,36477;0,36477;0;0;0
"154";0,95;20;20;1;0,25;0,56753;0,57516;0,57516;0;0;0
"155";0,95;20;20;2;10;5e-05;6e-05;6e-05;0;0;0
"156";0,95;20;20;2;4;4e-05;4e-05;4e-05;0;0;0
"157";0,95;20;20;2;2;0,00037;0,00039;0,00039;0;0;0
"158";0,95;20;20;2;1;0,00984;0,01054;0,01054;0;0;0
"159";0,95;20;20;2;0,1;0,60699;0,61733;0,61733;0;2,000000000002e-05;2,000000000002e-05
"160";0,95;20;20;2;0,5;0,09435;0,09865;0,09865;0;0;0
"161";0,95;20;20;2;0,25;0,32294;0,33198;0,33198;0;2,000000000002e-05;2,000000000002e-05
"162";0,95;20;20;3;10;0;1e-05;1e-05;0;0;0
"163";0,95;20;20;3;4;0;0;0;0;0;0
"164";0,95;20;20;3;2;6e-05;7e-05;7e-05;0;0;0
"165";0,95;20;20;3;1;0,0015;0,00163;0,00163;0;0;0
"166";0,95;20;20;3;0,1;0,49683;0,508;0,508;0;2,99999999999745e-05;2,99999999999745e-05
"167";0,95;20;20;3;0,5;0,02749;0,02923;0,02923;0;0;0
"168";0,95;20;20;3;0,25;0,17053;0,1777;0,1777;1,99999999999922e-05;0;0
"169";0,95;20;20;4;10;0;0;0;0;0;0
"170";0,95;20;20;4;4;0;0;0;0;0;0
"171";0,95;20;20;4;2;1e-05;1e-05;1e-05;0;0;0
"172";0,95;20;20;4;1;0,00035;4e-04;4e-04;0;0;0
"173";0,95;20;20;4;0,1;0,39816;0,40864;0,40864;1,000000000001e-05;0;0
"174";0,95;20;20;4;0,5;0,00836;0,00922;0,00922;0;0;0
"175";0,95;20;20;4;0,25;0,08862;0,09361;0,09361;2,00000000000061e-05;0;0
"176";0,95;20;50;0;10;0,69844;0,83379;0,83379;0;0;0
"177";0,95;20;50;0;4;0,73991;0,84065;0,84065;0;0;0
"178";0,95;20;50;0;2;0,84651;0,86646;0,86646;0;0;0
"179";0,95;20;50;0;1;0,95866;0,93654;0,93654;9,99999999995449e-06;0;0
"180";0,95;20;50;0;0,1;0,95608;0,88757;0,88757;0;0;0
"181";0,95;20;50;0;0,5;0,95917;0,95679;0,95679;9,99999999995449e-06;0;0
"182";0,95;20;50;0;0,25;0,95626;0,91336;0,91336;0;0;0
"183";0,95;20;50;1;10;0;0,00246;0,00246;0;0;0
"184";0,95;20;50;1;4;0,00011;0,00305;0,00305;0;0;0
"185";0,95;20;50;1;2;0,00311;0,00414;0,00414;0;0;0
"186";0,95;20;50;1;1;0,06682;0,03191;0,03191;0;0;0
"187";0,95;20;50;1;0,1;0,87199;0,73485;0,73485;0;0;0
"188";0,95;20;50;1;0,5;0,34668;0,20263;0,20263;0;0;0
"189";0,95;20;50;1;0,25;0,67717;0,48892;0,48892;0;0;0
"190";0,95;20;50;2;10;0;6e-05;6e-05;0;0;0
"191";0,95;20;50;2;4;1e-05;5e-05;5e-05;0;0;0
"192";0,95;20;50;2;2;4e-05;0,00012;0,00012;0;0;0
"193";0,95;20;50;2;1;0,00208;4e-04;4e-04;0;0;0
"194";0,95;20;50;2;0,1;0,74184;0,54643;0,54643;2,000000000002e-05;9,99999999995449e-06;9,99999999995449e-06
"195";0,95;20;50;2;0,5;0,05119;0,01499;0,01499;0;0;0
"196";0,95;20;50;2;0,25;0,32504;0,15923;0,15923;2,000000000002e-05;0;0
"197";0,95;20;50;3;10;0;0;0;0;0;0
"198";0,95;20;50;3;4;0;0;0;0;0;0
"199";0,95;20;50;3;2;0;1e-05;1e-05;0;0;0
"200";0,95;20;50;3;1;0,00022;7e-05;7e-05;0;0;0
"201";0,95;20;50;3;0,1;0,59189;0,37406;0,37406;2,000000000002e-05;1,000000000001e-05;1,000000000001e-05
"202";0,95;20;50;3;0,5;0,00823;0,0015;0,0015;0;0;0
"203";0,95;20;50;3;0,25;0,12425;0,0431;0,0431;2,00000000000061e-05;0;0
"204";0,95;20;50;4;10;0;0;0;0;0;0
"205";0,95;20;50;4;4;0;0;0;0;0;0
"206";0,95;20;50;4;2;0;0;0;0;0;0
"207";0,95;20;50;4;1;7e-05;2e-05;2e-05;0;0;0
"208";0,95;20;50;4;0,1;0,44034;0,23718;0,23718;2,000000000002e-05;1,000000000001e-05;1,000000000001e-05
"209";0,95;20;50;4;0,5;0,00204;4e-04;4e-04;0;0;0
"210";0,95;20;50;4;0,25;0,04603;0,01264;0,01264;0;0;0
"211";0,95;50;100;0;10;0,78161;0,8824;0,8824;0;0;0
"212";0,95;50;100;0;4;0,8093;0,88928;0,88928;0;0;0
"213";0,95;50;100;0;2;0,87418;0,90609;0,90609;0;0;0
"214";0,95;50;100;0;1;0,95491;0,94562;0,94562;0;0;0
"215";0,95;50;100;0;0,1;0,96446;0,91307;0,91307;0;0;0
"216";0,95;50;100;0;0,5;0,9656;0,95096;0,95096;0;0;0
"217";0,95;50;100;0;0,25;0,96336;0,92448;0,92448;0;0;0
"218";0,95;50;100;1;10;0;8e-05;8e-05;0;0;0
"219";0,95;50;100;1;4;1e-05;5e-05;5e-05;0;0;0
"220";0,95;50;100;1;2;8e-05;8e-05;8e-05;0;0;0
"221";0,95;50;100;1;1;0,00484;0,00166;0,00166;0;0;0
"222";0,95;50;100;1;0,1;0,83359;0,69956;0,69956;0;0;0
"223";0,95;50;100;1;0,5;0,1162;0,05426;0,05426;0;0;0
"224";0,95;50;100;1;0,25;0,49386;0,32779;0,32779;0;0;0
"225";0,95;50;100;2;10;0;0;0;0;0;0
"226";0,95;50;100;2;4;0;0;0;0;0;0
"227";0,95;50;100;2;2;0;0;0;0;0;0
"228";0,95;50;100;2;1;0,00012;2e-05;2e-05;0;0;0
"229";0,95;50;100;2;0,1;0,60295;0,42141;0,42141;9,99999999995449e-06;2,000000000002e-05;2,000000000002e-05
"230";0,95;50;100;2;0,5;0,00349;0,00113;0,00113;0;0;0
"231";0,95;50;100;2;0,25;0,10041;0,04074;0,04074;0;0;0
"232";0,95;50;100;3;10;0;0;0;0;0;0
"233";0,95;50;100;3;4;0;0;0;0;0;0
"234";0,95;50;100;3;2;0;0;0;0;0;0
"235";0,95;50;100;3;1;1e-05;1e-05;1e-05;0;0;0
"236";0,95;50;100;3;0,1;0,37014;0,20766;0,20766;1,000000000001e-05;1,000000000001e-05;1,000000000001e-05
"237";0,95;50;100;3;0,5;0,00035;0,00015;0,00015;0;0;0
"238";0,95;50;100;3;0,25;0,01665;0,00537;0,00537;0;0;0
"239";0,95;50;100;4;10;0;0;0;0;0;0
"240";0,95;50;100;4;4;0;0;0;0;0;0
"241";0,95;50;100;4;2;0;0;0;0;0;0
"242";0,95;50;100;4;1;1e-05;0;0;0;0;0
"243";0,95;50;100;4;0,1;0,19602;0,09053;0,09053;0;9,99999999999612e-06;9,99999999999612e-06
"244";0,95;50;100;4;0,5;5e-05;0;0;0;0;0
"245";0,95;50;100;4;0,25;0,00353;0,00084;0,00084;0;0;0
"246";0,95;50;20;0;10;0,9553;0,88595;0,88595;0;0;0
"247";0,95;50;20;0;4;0,95683;0,9142;0,9142;0;0;0
"248";0,95;50;20;0;2;0,96008;0,95794;0,95794;0;0;0
"249";0,95;50;20;0;1;0,95724;0,93456;0,93456;0;0;0
"250";0,95;50;20;0;0,1;0,7001;0,83599;0,83599;9,99999999995449e-06;0;0
"251";0,95;50;20;0;0,5;0,8459;0,86671;0,86671;0;0;0
"252";0,95;50;20;0;0,25;0,73986;0,83943;0,83943;0;0;0
"253";0,95;50;20;1;10;0,00246;2e-05;2e-05;0;0;0
"254";0,95;50;20;1;4;0,0028;0,00067;0,00067;0;0;0
"255";0,95;50;20;1;2;0,00915;0,01199;0,01199;0;0;0
"256";0,95;50;20;1;1;0,06883;0,10798;0,10798;0;0;0
"257";0,95;50;20;1;0,1;0,58192;0,72607;0,72607;0;0;0
"258";0,95;50;20;1;0,5;0,23498;0,33854;0,33854;0;0;0
"259";0,95;50;20;1;0,25;0,42752;0,56777;0,56777;0;0;0
"260";0,95;50;20;2;10;5e-05;0;0;0;0;0
"261";0,95;50;20;2;4;6e-05;0;0;0;0;0
"262";0,95;50;20;2;2;0,00011;0,00027;0,00027;0;0;0
"263";0,95;50;20;2;1;0,00304;0,00911;0,00911;0;0;0
"264";0,95;50;20;2;0,1;0,45958;0,61566;0,61566;0;9,99999999995449e-06;9,99999999995449e-06
"265";0,95;50;20;2;0,5;0,04313;0,09609;0,09609;0;0;0
"266";0,95;50;20;2;0,25;0,19842;0,32564;0,32564;0;0;0
"267";0,95;50;20;3;10;0;0;0;0;0;0
"268";0,95;50;20;3;4;2e-05;0;0;0;0;0
"269";0,95;50;20;3;2;0;3e-05;3e-05;0;0;0
"270";0,95;50;20;3;1;0,00038;0,00143;0,00143;0;0;0
"271";0,95;50;20;3;0,1;0,34482;0,50366;0,50366;0;2,000000000002e-05;2,000000000002e-05
"272";0,95;50;20;3;0,5;0,00905;0,02706;0,02706;0;0;0
"273";0,95;50;20;3;0,25;0,0867;0,17553;0,17553;0;0;0
"274";0,95;50;20;4;10;1e-05;0;0;0;0;0
"275";0,95;50;20;4;4;0;0;0;0;0;0
"276";0,95;50;20;4;2;1e-05;4e-05;4e-05;0;0;0
"277";0,95;50;20;4;1;3e-05;0,00038;0,00038;0;0;0
"278";0,95;50;20;4;0,1;0,25718;0,40823;0,40823;0;0;0
"279";0,95;50;20;4;0,5;0,00252;0,00902;0,00902;0;0;0
"280";0,95;50;20;4;0,25;0,03982;0,09289;0,09289;0;0;0
"281";0,95;50;50;0;10;0,88318;0,88551;0,88551;0;0;0
"282";0,95;50;50;0;4;0,89444;0,89583;0,89583;0;0;0
"283";0,95;50;50;0;2;0,92629;0,92694;0,92694;0;0;0
"284";0,95;50;50;0;1;0,95844;0,95989;0,95989;0;0;0
"285";0,95;50;50;0;0,1;0,88169;0,88395;0,88395;0;0;0
"286";0,95;50;50;0;0,5;0,92673;0,9275;0,9275;0;0;0
"287";0,95;50;50;0;0,25;0,89455;0,89626;0,89626;0;0;0
"288";0,95;50;50;1;10;9e-05;9e-05;9e-05;0;0;0
"289";0,95;50;50;1;4;6e-05;8e-05;8e-05;0;0;0
"290";0,95;50;50;1;2;0,00055;0,00057;0,00057;0;0;0
"291";0,95;50;50;1;1;0,01709;0,01742;0,01742;0;0;0
"292";0,95;50;50;1;0,1;0,72762;0,73145;0,73145;0;0;0
"293";0,95;50;50;1;0,5;0,16643;0,16869;0,16869;0;0;0
"294";0,95;50;50;1;0,25;0,45997;0,46419;0,46419;0;0;0
"295";0,95;50;50;2;10;0;0;0;0;0;0
"296";0,95;50;50;2;4;0;0;0;0;0;0
"297";0,95;50;50;2;2;0;1e-05;1e-05;0;0;0
"298";0,95;50;50;2;1;0,00035;0,00036;0,00036;0;0;0
"299";0,95;50;50;2;0,1;0,53649;0,54174;0,54174;2,99999999999745e-05;9,99999999995449e-06;9,99999999995449e-06
"300";0,95;50;50;2;0,5;0,01301;0,01344;0,01344;0;0;0
"301";0,95;50;50;2;0,25;0,14609;0,14896;0,14896;0;2,000000000002e-05;2,000000000002e-05
"302";0,95;50;50;3;10;0;0;0;0;0;0
"303";0,95;50;50;3;4;0;0;0;0;0;0
"304";0,95;50;50;3;2;1e-05;1e-05;1e-05;0;0;0
"305";0,95;50;50;3;1;6e-05;6e-05;6e-05;0;0;0
"306";0,95;50;50;3;0,1;0,36601;0,3711;0,3711;0;1,000000000001e-05;1,000000000001e-05
"307";0,95;50;50;3;0,5;0,00158;0,00163;0,00163;0;0;0
"308";0,95;50;50;3;0,25;0,03865;0,03975;0,03975;0;0;0
"309";0,95;50;50;4;10;0;0;0;0;0;0
"310";0,95;50;50;4;4;0;0;0;0;0;0
"311";0,95;50;50;4;2;0;0;0;0;0;0
"312";0,95;50;50;4;1;1e-05;1e-05;1e-05;0;0;0
"313";0,95;50;50;4;0,1;0,23259;0,23655;0,23655;0;1,000000000001e-05;1,000000000001e-05
"314";0,95;50;50;4;0,5;0,00032;0,00033;0,00033;0;0;0
"315";0,95;50;50;4;0,25;0,01122;0,01163;0,01163;0;0;0
