"conf.level";"n1";"n2";"m1-m2";"sd1/sd2";"p_Cohen_NH0";"p_Shieh_NH0";"p_transfoshieh_NH0";"CICohen_vs_Student";"CIShieh_vs_Welch";"CItransfoShieh_vs_Welch"
"1";0,95;100;100;0;10;0,94934;0,95074;0,95074;9,99999999995449e-06;0;0
"2";0,95;100;100;0;4;0,94972;0,95069;0,95069;0;0;0
"3";0,95;100;100;0;2;0,95029;0,95078;0,95078;0;0;0
"4";0,95;100;100;0;1;0,95108;0,95112;0,95112;0;0;0
"5";0,95;100;100;0;0,1;0,94889;0,95014;0,95014;0;0;0
"6";0,95;100;100;0;0,5;0,94879;0,94928;0,94928;0;0;0
"7";0,95;100;100;0;0,25;0,94915;0,95023;0,95023;0;0;0
"8";0,95;100;100;1;10;1e-05;1e-05;1e-05;0;0;0
"9";0,95;100;100;1;4;3e-05;3e-05;3e-05;0;0;0
"10";0,95;100;100;1;2;3e-05;3e-05;3e-05;0;0;0
"11";0,95;100;100;1;1;2e-05;2e-05;2e-05;0;0;0
"12";0,95;100;100;1;0,1;0,82548;0,82839;0,82839;0;0;0
"13";0,95;100;100;1;0,5;0,00881;0,00901;0,00901;0;0;0
"14";0,95;100;100;1;0,25;0,31629;0,3193;0,3193;0;9,99999999995449e-06;9,99999999995449e-06
"15";0,95;100;100;2;10;0;0;0;0;0;0
"16";0,95;100;100;2;4;0;0;0;0;0;0
"17";0,95;100;100;2;2;0;0;0;0;0;0
"18";0,95;100;100;2;1;0;0;0;0;0;0
"19";0,95;100;100;2;0,1;0,47725;0,48161;0,48161;0;4,99999999999945e-05;4,99999999999945e-05
"20";0,95;100;100;2;0,5;4e-05;4e-05;4e-05;0;0;0
"21";0,95;100;100;2;0,25;0,00459;0,00467;0,00467;0;0;0
"22";0,95;100;100;3;10;0;0;0;0;0;0
"23";0,95;100;100;3;4;0;0;0;0;0;0
"24";0,95;100;100;3;2;0;0;0;0;0;0
"25";0,95;100;100;3;1;0;0;0;0;0;0
"26";0,95;100;100;3;0,1;0,15858;0,16122;0,16122;0;0;0
"27";0,95;100;100;3;0,5;1e-05;1e-05;1e-05;0;0;0
"28";0,95;100;100;3;0,25;9e-05;9e-05;9e-05;0;0;0
"29";0,95;100;100;4;10;0;0;0;0;0;0
"30";0,95;100;100;4;4;0;0;0;0;0;0
"31";0,95;100;100;4;2;0;0;0;0;0;0
"32";0,95;100;100;4;1;0;0;0;0;0;0
"33";0,95;100;100;4;0,1;0,02818;0,02881;0,02881;0;0;0
"34";0,95;100;100;4;0,5;0;0;0;0;0;0
"35";0,95;100;100;4;0,25;2e-05;2e-05;2e-05;0;0;0
"36";0,95;100;20;0;10;0,99997;0,9515;0,9515;0;0;0
"37";0,95;100;20;0;4;0,99985;0,95215;0,95215;0;0;0
"38";0,95;100;20;0;2;0,99657;0,95201;0,95201;0;0;0
"39";0,95;100;20;0;1;0,95056;0,95288;0,95288;0;0;0
"40";0,95;100;20;0;0,1;0,6139;0,95323;0,95323;9,99999999995449e-06;1,00000000000655e-05;1,00000000000655e-05
"41";0,95;100;20;0;0,5;0,80307;0,9531;0,9531;0;9,99999999995449e-06;9,99999999995449e-06
"42";0,95;100;20;0;0,25;0,67355;0,95342;0,95342;2,000000000002e-05;0;0
"43";0,95;100;20;1;10;0,00053;3e-05;3e-05;0;0;0
"44";0,95;100;20;1;4;7e-04;4e-05;4e-05;0;0;0
"45";0,95;100;20;1;2;0,00134;0,00033;0,00033;0;0;0
"46";0,95;100;20;1;1;0,0227;0,03496;0,03496;0;0;0
"47";0,95;100;20;1;0,1;0,56408;0,92856;0,92856;1,00000000000655e-05;1,00000000000655e-05;1,00000000000655e-05
"48";0,95;100;20;1;0,5;0,17934;0,41524;0,41524;0;2,000000000002e-05;2,000000000002e-05
"49";0,95;100;20;1;0,25;0,41851;0,79338;0,79338;0;0;0
"50";0,95;100;20;2;10;1e-05;0;0;0;0;0
"51";0,95;100;20;2;4;2e-05;0;0;0;0;0
"52";0,95;100;20;2;2;0;0;0;0;0;0
"53";0,95;100;20;2;1;8e-05;0,00026;0,00026;0;0;0
"54";0,95;100;20;2;0,1;0,43857;0,85151;0,85151;1,000000000001e-05;0;0
"55";0,95;100;20;2;0,5;0,00296;0,02553;0,02553;0;0;0
"56";0,95;100;20;2;0,25;0,10817;0,40048;0,40048;0;0;0
"57";0,95;100;20;3;10;0;0;0;0;0;0
"58";0,95;100;20;3;4;0;0;0;0;0;0
"59";0,95;100;20;3;2;1e-05;0;0;0;0;0
"60";0,95;100;20;3;1;0;4e-05;4e-05;0;0;0
"61";0,95;100;20;3;0,1;0,29411;0,72664;0,72664;1,99999999999645e-05;0;0
"62";0,95;100;20;3;0,5;0,00014;0,00149;0,00149;0;0;0
"63";0,95;100;20;3;0,25;0,0145;0,11483;0,11483;0;0;0
"64";0,95;100;20;4;10;1e-05;0;0;0;0;0
"65";0,95;100;20;4;4;0;0;0;0;0;0
"66";0,95;100;20;4;2;0;0;0;0;0;0
"67";0,95;100;20;4;1;0;0;0;0;0;0
"68";0,95;100;20;4;0,1;0,17398;0,56457;0,56457;0;0;0
"69";0,95;100;20;4;0,5;3e-05;0,00025;0,00025;0;0;0
"70";0,95;100;20;4;0,25;0,00172;0,02383;0,02383;0;0;0
"71";0,95;100;50;0;10;0,99455;0,94962;0,94962;0;0;0
"72";0,95;100;50;0;4;0,99196;0,95052;0,95052;0;0;0
"73";0,95;100;50;0;2;0,98331;0,95047;0,95047;0;0;0
"74";0,95;100;50;0;1;0,9495;0,94986;0,94986;0;0;0
"75";0,95;100;50;0;0,1;0,83199;0,95113;0,95113;0;0;0
"76";0,95;100;50;0;0,5;0,88937;0,95044;0,95044;0;0;0
"77";0,95;100;50;0;0,25;0,8491;0,95159;0,95159;0;0;0
"78";0,95;100;50;1;10;8e-05;2e-05;2e-05;0;0;0
"79";0,95;100;50;1;4;8e-05;2e-05;2e-05;0;0;0
"80";0,95;100;50;1;2;1e-04;2e-05;2e-05;0;0;0
"81";0,95;100;50;1;1;5e-04;7e-04;7e-04;0;0;0
"82";0,95;100;50;1;0,1;0,72814;0,89008;0,89008;0;0;0
"83";0,95;100;50;1;0,5;0,04738;0,09766;0,09766;0;0;0
"84";0,95;100;50;1;0,25;0,37115;0,57648;0,57648;9,99999999995449e-06;9,99999999995449e-06;9,99999999995449e-06
"85";0,95;100;50;2;10;0;0;0;0;0;0
"86";0,95;100;50;2;4;1e-05;0;0;0;0;0
"87";0,95;100;50;2;2;0;0;0;0;0;0
"88";0,95;100;50;2;1;0;1e-05;1e-05;0;0;0
"89";0,95;100;50;2;0,1;0,47376;0,69907;0,69907;1,000000000001e-05;0;0
"90";0,95;100;50;2;0,5;0,00014;0,00046;0,00046;0;0;0
"91";0,95;100;50;2;0,25;0,02663;0,07849;0,07849;0;1,000000000001e-05;1,000000000001e-05
"92";0,95;100;50;3;10;0;0;0;0;0;0
"93";0,95;100;50;3;4;0;0;0;0;0;0
"94";0,95;100;50;3;2;0;0;0;0;0;0
"95";0,95;100;50;3;1;0;0;0;0;0;0
"96";0,95;100;50;3;0,1;0,22771;0,4315;0,4315;9,99999999998225e-06;1,000000000001e-05;1,000000000001e-05
"97";0,95;100;50;3;0,5;0;1e-05;1e-05;0;0;0
"98";0,95;100;50;3;0,25;0,00086;0,00335;0,00335;0;0;0
"99";0,95;100;50;4;10;0;0;0;0;0;0
"100";0,95;100;50;4;4;0;0;0;0;0;0
"101";0,95;100;50;4;2;0;0;0;0;0;0
"102";0,95;100;50;4;1;0;0;0;0;0;0
"103";0,95;100;50;4;0,1;0,08117;0,20134;0,20134;0;1,99999999999922e-05;1,99999999999922e-05
"104";0,95;100;50;4;0,5;0;1e-05;1e-05;0;0;0
"105";0,95;100;50;4;0,25;7e-05;0,00039;0,00039;0;0;0
"106";0,95;20;100;0;10;0,60937;0,95367;0,95367;0;0;0
"107";0,95;20;100;0;4;0,67061;0,95307;0,95307;2,000000000002e-05;0;0
"108";0,95;20;100;0;2;0,80304;0,95366;0,95366;9,99999999995449e-06;9,99999999995449e-06;9,99999999995449e-06
"109";0,95;20;100;0;1;0,94872;0,95207;0,95207;0;0;0
"110";0,95;20;100;0;0,1;0,99999;0,95127;0,95127;0;0;0
"111";0,95;20;100;0;0,5;0,99643;0,95084;0,95084;0;0;0
"112";0,95;20;100;0;0,25;0,99975;0,95001;0,95001;0;0;0
"113";0,95;20;100;1;10;0,00148;0,02339;0,02339;0;0;0
"114";0,95;20;100;1;4;0,00153;0,02328;0,02328;0;0;0
"115";0,95;20;100;1;2;0,00319;0,02638;0,02638;0;9,99999999999959e-06;9,99999999999959e-06
"116";0,95;20;100;1;1;0,02311;0,03547;0,03547;0;1,00000000000031e-05;1,00000000000031e-05
"117";0,95;20;100;1;0,1;0,99927;0,83259;0,83259;0;2,000000000002e-05;2,000000000002e-05
"118";0,95;20;100;1;0,5;0,36928;0,09733;0,09733;1,000000000001e-05;0;0
"119";0,95;20;100;1;0,25;0,94261;0,40952;0,40952;9,99999999995449e-06;0;0
"120";0,95;20;100;2;10;0;0,00023;0,00023;0;0;0
"121";0,95;20;100;2;4;3e-05;0,00021;0,00021;0;0;0
"122";0,95;20;100;2;2;0;0,00024;0,00024;0;0;0
"123";0,95;20;100;2;1;5e-05;3e-04;3e-04;0;0;0
"124";0,95;20;100;2;0,1;0,98651;0,49626;0,49626;0;1,99999999999645e-05;1,99999999999645e-05
"125";0,95;20;100;2;0,5;0,00147;0,00035;0,00035;0;0;0
"126";0,95;20;100;2;0,25;0,3118;0,0125;0,0125;4,99999999999945e-05;0;0
"127";0,95;20;100;3;10;0;7e-05;7e-05;0;0;0
"128";0,95;20;100;3;4;0;3e-05;3e-05;0;0;0
"129";0,95;20;100;3;2;0;3e-05;3e-05;0;0;0
"130";0,95;20;100;3;1;0;2e-05;2e-05;0;0;0
"131";0,95;20;100;3;0,1;0,89382;0,1713;0,1713;9,99999999995449e-06;0;0
"132";0,95;20;100;3;0,5;2e-05;2e-05;2e-05;0;0;0
"133";0,95;20;100;3;0,25;0,01367;0,00017;0,00017;9,99999999999959e-06;0;0
"134";0,95;20;100;4;10;1e-05;1e-05;1e-05;0;0;0
"135";0,95;20;100;4;4;0;1e-05;1e-05;0;0;0
"136";0,95;20;100;4;2;0;0;0;0;0;0
"137";0,95;20;100;4;1;0;0;0;0;0;0
"138";0,95;20;100;4;0,1;0,62459;0,033;0,033;2,99999999999745e-05;0;0
"139";0,95;20;100;4;0,5;0;1e-05;1e-05;0;0;0
"140";0,95;20;100;4;0,25;0,00065;5e-05;5e-05;0;0;0
"141";0,95;20;20;0;10;0,94587;0,95303;0,95303;0;0;0
"142";0,95;20;20;0;4;0,94749;0,95306;0,95306;0;0;0
"143";0,95;20;20;0;2;0,95022;0,95274;0,95274;0;0;0
"144";0,95;20;20;0;1;0,9526;0,95332;0,95332;9,99999999995449e-06;0;0
"145";0,95;20;20;0;0,1;0,94624;0,95289;0,95289;0;0;0
"146";0,95;20;20;0;0,5;0,95075;0,95316;0,95316;0;0;0
"147";0,95;20;20;0;0,25;0,94651;0,95165;0,95165;0;0;0
"148";0,95;20;20;1;10;0,02177;0,02452;0,02452;0;0;0
"149";0,95;20;20;1;4;0,02286;0,02561;0,02561;0;0;0
"150";0,95;20;20;1;2;0,03734;0,03968;0,03968;0;1,00000000000031e-05;1,00000000000031e-05
"151";0,95;20;20;1;1;0,13108;0,13254;0,13254;1,000000000001e-05;9,99999999998225e-06;9,99999999998225e-06
"152";0,95;20;20;1;0,1;0,92066;0,93011;0,93011;1,00000000000655e-05;0;0
"153";0,95;20;20;1;0,5;0,47354;0,48228;0,48228;1,000000000001e-05;1,000000000001e-05;1,000000000001e-05
"154";0,95;20;20;1;0,25;0,78983;0,80263;0,80263;1,00000000000655e-05;0;0
"155";0,95;20;20;2;10;0,00022;0,00026;0,00026;0;0;0
"156";0,95;20;20;2;4;0,00023;0,00023;0,00023;0;0;0
"157";0,95;20;20;2;2;0,00026;0,00029;0,00029;0;0;0
"158";0,95;20;20;2;1;0,00093;0,00097;0,00097;0;0;0
"159";0,95;20;20;2;0,1;0,83968;0,85376;0,85376;0;1,9999999999909e-05;1,9999999999909e-05
"160";0,95;20;20;2;0,5;0,03678;0,0391;0,0391;0;1,00000000000031e-05;1,00000000000031e-05
"161";0,95;20;20;2;0,25;0,40291;0,42097;0,42097;1,000000000001e-05;0;0
"162";0,95;20;20;3;10;1e-05;1e-05;1e-05;0;0;0
"163";0,95;20;20;3;4;3e-05;3e-05;3e-05;0;0;0
"164";0,95;20;20;3;2;0;2e-05;2e-05;0;0;0
"165";0,95;20;20;3;1;7e-05;8e-05;8e-05;0;0;0
"166";0,95;20;20;3;0,1;0,70457;0,72444;0,72444;0;9,99999999995449e-06;9,99999999995449e-06
"167";0,95;20;20;3;0,5;0,00178;0,00205;0,00205;0;0;0
"168";0,95;20;20;3;0,25;0,11625;0,12525;0,12525;1,000000000001e-05;0;0
"169";0,95;20;20;4;10;0;0;0;0;0;0
"170";0,95;20;20;4;4;2e-05;2e-05;2e-05;0;0;0
"171";0,95;20;20;4;2;1e-05;1e-05;1e-05;0;0;0
"172";0,95;20;20;4;1;2e-05;2e-05;2e-05;0;0;0
"173";0,95;20;20;4;0,1;0,54572;0,5683;0,5683;0;0;0
"174";0,95;20;20;4;0,5;0,00029;0,00031;0,00031;0;0;0
"175";0,95;20;20;4;0,25;0,02356;0,02651;0,02651;0;0;0
"176";0,95;20;50;0;10;0,77756;0,95247;0,95247;0;2,000000000002e-05;2,000000000002e-05
"177";0,95;20;50;0;4;0,80464;0,95272;0,95272;0;0;0
"178";0,95;20;50;0;2;0,86848;0,95319;0,95319;0;0;0
"179";0,95;20;50;0;1;0,951;0,95224;0,95224;0;0;0
"180";0,95;20;50;0;0,1;0,99749;0,95095;0,95095;0;0;0
"181";0,95;20;50;0;0,5;0,98842;0,95209;0,95209;0;0;0
"182";0,95;20;50;0;0,25;0,99615;0,95179;0,95179;0;1,00000000000655e-05;1,00000000000655e-05
"183";0,95;20;50;1;10;0,00395;0,02314;0,02314;0;0;0
"184";0,95;20;50;1;4;0,00473;0,02496;0,02496;0;9,99999999999959e-06;9,99999999999959e-06
"185";0,95;20;50;1;2;0,00757;0,02876;0,02876;0;0;0
"186";0,95;20;50;1;1;0,04511;0,05232;0,05232;0;9,99999999999612e-06;9,99999999999612e-06
"187";0,95;20;50;1;0,1;0,98985;0,89103;0,89103;0;9,99999999995449e-06;9,99999999995449e-06
"188";0,95;20;50;1;0,5;0,41001;0,21595;0,21595;1,99999999999645e-05;0;0
"189";0,95;20;50;1;0,25;0,88378;0,61336;0,61336;0;2,000000000002e-05;2,000000000002e-05
"190";0,95;20;50;2;10;4e-05;0,00024;0,00024;0;0;0
"191";0,95;20;50;2;4;1e-05;0,00026;0,00026;0;0;0
"192";0,95;20;50;2;2;3e-05;0,00015;0,00015;0;0;0
"193";0,95;20;50;2;1;1e-04;0,00034;0,00034;0;0;0
"194";0,95;20;50;2;0,1;0,94388;0,70516;0,70516;1,00000000000655e-05;9,99999999995449e-06;9,99999999995449e-06
"195";0,95;20;50;2;0,5;0,00663;0,00186;0,00186;0;0;0
"196";0,95;20;50;2;0,25;0,35996;0,10238;0,10238;2,000000000002e-05;0;0
"197";0,95;20;50;3;10;1e-05;4e-05;4e-05;0;0;0
"198";0,95;20;50;3;4;2e-05;5e-05;5e-05;0;0;0
"199";0,95;20;50;3;2;0;2e-05;2e-05;0;0;0
"200";0,95;20;50;3;1;3e-05;4e-05;4e-05;0;0;0
"201";0,95;20;50;3;0,1;0,81422;0,43957;0,43957;1,00000000000655e-05;1,000000000001e-05;1,000000000001e-05
"202";0,95;20;50;3;0,5;0,00021;9e-05;9e-05;0;0;0
"203";0,95;20;50;3;0,25;0,04203;0,0052;0,0052;0;0;0
"204";0,95;20;50;4;10;0;1e-05;1e-05;0;0;0
"205";0,95;20;50;4;4;0;0;0;0;0;0
"206";0,95;20;50;4;2;0;0;0;0;0;0
"207";0,95;20;50;4;1;0;0;0;0;0;0
"208";0,95;20;50;4;0,1;0,58816;0,20871;0,20871;4,99999999999945e-05;0;0
"209";0,95;20;50;4;0,5;6e-05;2e-05;2e-05;0;0;0
"210";0,95;20;50;4;0,25;0,0032;0,00026;0,00026;0;0;0
"211";0,95;50;100;0;10;0,83125;0,95078;0,95078;0;0;0
"212";0,95;50;100;0;4;0,85008;0,95192;0,95192;0;0;0
"213";0,95;50;100;0;2;0,89;0,95134;0,95134;0;0;0
"214";0,95;50;100;0;1;0,951;0,95168;0,95168;0;0;0
"215";0,95;50;100;0;0,1;0,99354;0,9511;0,9511;0;0;0
"216";0,95;50;100;0;0,5;0,98371;0,95111;0,95111;0;0;0
"217";0,95;50;100;0;0,25;0,99188;0,95019;0,95019;0;0;0
"218";0,95;50;100;1;10;0,00015;0,00044;0,00044;0;0;0
"219";0,95;50;100;1;4;3e-05;0,00027;0,00027;0;0;0
"220";0,95;50;100;1;2;9e-05;0,00037;0,00037;0;0;0
"221";0,95;50;100;1;1;0,00052;0,00081;0,00081;0;0;0
"222";0,95;50;100;1;0,1;0,95713;0,82896;0,82896;0;0;0
"223";0,95;50;100;1;0,5;0,05519;0,02133;0,02133;0;0;0
"224";0,95;50;100;1;0,25;0,6043;0,3439;0,3439;1,9999999999909e-05;1,000000000001e-05;1,000000000001e-05
"225";0,95;50;100;2;10;1e-05;1e-05;1e-05;0;0;0
"226";0,95;50;100;2;4;1e-05;2e-05;2e-05;0;0;0
"227";0,95;50;100;2;2;0;1e-05;1e-05;0;0;0
"228";0,95;50;100;2;1;0;0;0;0;0;0
"229";0,95;50;100;2;0,1;0,76759;0,48508;0,48508;2,000000000002e-05;0;0
"230";0,95;50;100;2;0,5;9e-05;4e-05;4e-05;0;0;0
"231";0,95;50;100;2;0,25;0,02994;0,00584;0,00584;0;0;0
"232";0,95;50;100;3;10;0;0;0;0;0;0
"233";0,95;50;100;3;4;0;0;0;0;0;0
"234";0,95;50;100;3;2;0;0;0;0;0;0
"235";0,95;50;100;3;1;0;1e-05;1e-05;0;0;0
"236";0,95;50;100;3;0,1;0,40673;0,16204;0,16204;9,99999999995449e-06;0;0
"237";0,95;50;100;3;0,5;1e-05;0;0;0;0;0
"238";0,95;50;100;3;0,25;0,00046;0,00015;0,00015;0;0;0
"239";0,95;50;100;4;10;0;0;0;0;0;0
"240";0,95;50;100;4;4;0;0;0;0;0;0
"241";0,95;50;100;4;2;0;0;0;0;0;0
"242";0,95;50;100;4;1;0;0;0;0;0;0
"243";0,95;50;100;4;0,1;0,12622;0,03011;0,03011;0;1,00000000000031e-05;1,00000000000031e-05
"244";0,95;50;100;4;0,5;0;0;0;0;0;0
"245";0,95;50;100;4;0,25;1e-04;4e-05;4e-05;0;0;0
"246";0,95;50;20;0;10;0,99775;0,95227;0,95227;0;0;0
"247";0,95;50;20;0;4;0,99596;0,95162;0,95162;0;0;0
"248";0,95;50;20;0;2;0,98842;0,95168;0,95168;0;0;0
"249";0,95;50;20;0;1;0,95005;0,95166;0,95166;0;0;0
"250";0,95;50;20;0;0,1;0,77633;0,95319;0,95319;0;0;0
"251";0,95;50;20;0;0,5;0,86743;0,95219;0,95219;0;0;0
"252";0,95;50;20;0;0,25;0,80437;0,95273;0,95273;1,00000000000655e-05;0;0
"253";0,95;50;20;1;10;0,00292;0,00032;0,00032;0;0;0
"254";0,95;50;20;1;4;0,00336;0,00041;0,00041;0;0;0
"255";0,95;50;20;1;2;0,00645;0,00148;0,00148;9,99999999999959e-06;0;0
"256";0,95;50;20;1;1;0,04459;0,05165;0,05165;0;0;0
"257";0,95;50;20;1;0,1;0,72701;0,92881;0,92881;0;0;0
"258";0,95;50;20;1;0,5;0,25868;0,43382;0,43382;1,000000000001e-05;1,000000000001e-05;1,000000000001e-05
"259";0,95;50;20;1;0,25;0,55338;0,79816;0,79816;2,99999999999745e-05;9,99999999995449e-06;9,99999999995449e-06
"260";0,95;50;20;2;10;4e-05;2e-05;2e-05;0;0;0
"261";0,95;50;20;2;4;3e-05;0;0;0;0;0
"262";0,95;50;20;2;2;2e-05;0;0;0;0;0
"263";0,95;50;20;2;1;2e-04;0,00039;0,00039;0;0;0
"264";0,95;50;20;2;0,1;0,59899;0,85479;0,85479;1,00000000000655e-05;0;0
"265";0,95;50;20;2;0,5;0,0074;0,02896;0,02896;0;0;0
"266";0,95;50;20;2;0,25;0,18046;0,40682;0,40682;0;0;0
"267";0,95;50;20;3;10;0;0;0;0;0;0
"268";0,95;50;20;3;4;0;0;0;0;0;0
"269";0,95;50;20;3;2;0;0;0;0;0;0
"270";0,95;50;20;3;1;0;3e-05;3e-05;0;0;0
"271";0,95;50;20;3;0,1;0,43424;0,72859;0,72859;1,000000000001e-05;0;0
"272";0,95;50;20;3;0,5;3e-04;0,00169;0,00169;0;0;0
"273";0,95;50;20;3;0,25;0,03166;0,11766;0,11766;0;2,00000000000061e-05;2,00000000000061e-05
"274";0,95;50;20;4;10;0;0;0;0;0;0
"275";0,95;50;20;4;4;0;0;0;0;0;0
"276";0,95;50;20;4;2;0;0;0;0;0;0
"277";0,95;50;20;4;1;0;0;0;0;0;0
"278";0,95;50;20;4;0,1;0,27898;0,56434;0,56434;1,000000000001e-05;0;0
"279";0,95;50;20;4;0,5;4e-05;0,00021;0,00021;0;0;0
"280";0,95;50;20;4;0,25;0,00451;0,02487;0,02487;0;0;0
"281";0,95;50;50;0;10;0,94872;0,95127;0,95127;0;0;0
"282";0,95;50;50;0;4;0,94908;0,95151;0,95151;0;0;0
"283";0,95;50;50;0;2;0,94936;0,95039;0,95039;0;0;0
"284";0,95;50;50;0;1;0,95113;0,95121;0,95121;0;0;0
"285";0,95;50;50;0;0,1;0,94829;0,951;0,951;9,99999999995449e-06;0;0
"286";0,95;50;50;0;0,5;0,951;0,95195;0,95195;0;0;0
"287";0,95;50;50;0;0,25;0,9484;0,95073;0,95073;0;0;0
"288";0,95;50;50;1;10;0,00032;0,00034;0,00034;0;0;0
"289";0,95;50;50;1;4;4e-04;0,00042;0,00042;0;0;0
"290";0,95;50;50;1;2;7e-04;0,00072;0,00072;0;0;0
"291";0,95;50;50;1;1;0,0038;0,00384;0,00384;0;0;0
"292";0,95;50;50;1;0,1;0,88487;0,88953;0,88953;0;0;0
"293";0,95;50;50;1;0,5;0,12209;0,12415;0,12415;0;0;0
"294";0,95;50;50;1;0,25;0,58129;0,58835;0,58835;9,99999999995449e-06;2,000000000002e-05;2,000000000002e-05
"295";0,95;50;50;2;10;0;0;0;0;0;0
"296";0,95;50;50;2;4;0;0;0;0;0;0
"297";0,95;50;50;2;2;1e-05;1e-05;1e-05;0;0;0
"298";0,95;50;50;2;1;4e-05;4e-05;4e-05;0;0;0
"299";0,95;50;50;2;0,1;0,69512;0,70295;0,70295;0;1,9999999999909e-05;1,9999999999909e-05
"300";0,95;50;50;2;0,5;0,00056;0,00057;0,00057;0;0;0
"301";0,95;50;50;2;0,25;0,08119;0,08396;0,08396;9,99999999999612e-06;0;0
"302";0,95;50;50;3;10;0;0;0;0;0;0
"303";0,95;50;50;3;4;0;0;0;0;0;0
"304";0,95;50;50;3;2;1e-05;1e-05;1e-05;0;0;0
"305";0,95;50;50;3;1;0;0;0;0;0;0
"306";0,95;50;50;3;0,1;0,42649;0,43547;0,43547;9,99999999995449e-06;2,000000000002e-05;2,000000000002e-05
"307";0,95;50;50;3;0,5;5e-05;5e-05;5e-05;0;0;0
"308";0,95;50;50;3;0,25;0,00364;0,00382;0,00382;0;0;0
"309";0,95;50;50;4;10;0;0;0;0;0;0
"310";0,95;50;50;4;4;0;0;0;0;0;0
"311";0,95;50;50;4;2;0;0;0;0;0;0
"312";0,95;50;50;4;1;0;0;0;0;0;0
"313";0,95;50;50;4;0,1;0,19465;0,2011;0,2011;0;1,000000000001e-05;1,000000000001e-05
"314";0,95;50;50;4;0,5;1e-05;1e-05;1e-05;0;0;0
"315";0,95;50;50;4;0,25;0,00044;0,00047;0,00047;0;0;0
