"conf.level";"n1";"n2";"m1-m2";"sd1/sd2";"Cohen_TRUE";"cohen_FALSE";"shieh_TRUE";"shieh_FALSE";"trshieh_TRUE";"trshieh_FALSE"
"1";0,95;100;100;0;10;0;0;0;0;0;0
"2";0,95;100;100;0;4;0;0;0;0;0;0
"3";0,95;100;100;0;2;0;0;0;0;0;0
"4";0,95;100;100;0;1;0;0;0;0;0;0
"5";0,95;100;100;0;0,1;0;0;0;0;0;0
"6";0,95;100;100;0;0,5;0;0;0;0;0;0
"7";0,95;100;100;0;0,25;0;0;0;0;0;0
"8";0,95;100;100;1;10;0;0;0;0;0;0
"9";0,95;100;100;1;4;0;0;0;0;0;0
"10";0,95;100;100;1;2;0;0;0;0;0;0
"11";0,95;100;100;1;1;0;0;0;0;0;0
"12";0,95;100;100;1;0,1;0;0;0;0;0;0
"13";0,95;100;100;1;0,5;0;0;0;0;0;0
"14";0,95;100;100;1;0,25;0;0;0;0;0;0
"15";0,95;100;100;2;10;0;0;0;0;0;0
"16";0,95;100;100;2;4;0;0;0;0;0;0
"17";0,95;100;100;2;2;0;0;0;0;0;0
"18";0,95;100;100;2;1;0;0;0;0;0;0
"19";0,95;100;100;2;0,1;0;0;0;0;0;0
"20";0,95;100;100;2;0,5;0;0;0;0;0;0
"21";0,95;100;100;2;0,25;0;0;0;0;0;0
"22";0,95;100;100;3;10;0;0;0;0;0;0
"23";0,95;100;100;3;4;0;0;0;0;0;0
"24";0,95;100;100;3;2;0;0;0;0;0;0
"25";0,95;100;100;3;1;0;0;0;0;0;0
"26";0,95;100;100;3;0,1;0;0;0;0;0;0
"27";0,95;100;100;3;0,5;0;0;0;0;0;0
"28";0,95;100;100;3;0,25;0;0;0;0;0;0
"29";0,95;100;100;4;10;0;0;0;0;0;0
"30";0,95;100;100;4;4;0;0;0;0;0;0
"31";0,95;100;100;4;2;0;0;0;0;0;0
"32";0,95;100;100;4;1;0;0;0;0;0;0
"33";0,95;100;100;4;0,1;0;0;0;0;0;0
"34";0,95;100;100;4;0,5;0;0;0;0;0;0
"35";0,95;100;100;4;0,25;0;0;0;0;0;0
"36";0,95;100;20;0;10;0;0;0;0;0;0
"37";0,95;100;20;0;4;0;0;0;0;0;0
"38";0,95;100;20;0;2;0;0;0;0;0;0
"39";0,95;100;20;0;1;0;0;0;0;0;0
"40";0,95;100;20;0;0,1;0;0;0;0;0;0
"41";0,95;100;20;0;0,5;0;0;0;0;0;0
"42";0,95;100;20;0;0,25;0;0;0;0;0;0
"43";0,95;100;20;1;10;0;0;0;0;0;0
"44";0,95;100;20;1;4;0;0;0;0;0;0
"45";0,95;100;20;1;2;0;0;0;0;0;0
"46";0,95;100;20;1;1;0;0;0;0;0;0
"47";0,95;100;20;1;0,1;0;0;0;0;0;0
"48";0,95;100;20;1;0,5;0;0;0;0;0;0
"49";0,95;100;20;1;0,25;0;0;0;0;0;0
"50";0,95;100;20;2;10;0;0;0;0;0;0
"51";0,95;100;20;2;4;0;0;0;0;0;0
"52";0,95;100;20;2;2;0;0;0;0;0;0
"53";0,95;100;20;2;1;0;0;0;0;0;0
"54";0,95;100;20;2;0,1;0;0;0;0;0;0
"55";0,95;100;20;2;0,5;0;0;0;0;0;0
"56";0,95;100;20;2;0,25;0;0;0;0;0;0
"57";0,95;100;20;3;10;0;0;0;0;0;0
"58";0,95;100;20;3;4;0;0;0;0;0;0
"59";0,95;100;20;3;2;0;0;0;0;0;0
"60";0,95;100;20;3;1;0;0;0;0;0;0
"61";0,95;100;20;3;0,1;0;0;0;0;0;0
"62";0,95;100;20;3;0,5;0;0;0;0;0;0
"63";0,95;100;20;3;0,25;0;0;0;0;0;0
"64";0,95;100;20;4;10;0;0;0;0;0;0
"65";0,95;100;20;4;4;0;0;0;0;0;0
"66";0,95;100;20;4;2;0;0;0;0;0;0
"67";0,95;100;20;4;1;0;0;0;0;0;0
"68";0,95;100;20;4;0,1;0;0;0;0;0;0
"69";0,95;100;20;4;0,5;0;0;0;0;0;0
"70";0,95;100;20;4;0,25;0;0;0;0;0;0
"71";0,95;100;50;0;10;0;0;0;0;0;0
"72";0,95;100;50;0;4;0;0;0;0;0;0
"73";0,95;100;50;0;2;0;0;0;0;0;0
"74";0,95;100;50;0;1;0;0;0;0;0;0
"75";0,95;100;50;0;0,1;0;0;0;0;0;0
"76";0,95;100;50;0;0,5;0;0;0;0;0;0
"77";0,95;100;50;0;0,25;0;0;0;0;0;0
"78";0,95;100;50;1;10;0;0;0;0;0;0
"79";0,95;100;50;1;4;0;0;0;0;0;0
"80";0,95;100;50;1;2;0;0;0;0;0;0
"81";0,95;100;50;1;1;0;0;0;0;0;0
"82";0,95;100;50;1;0,1;0;0;0;0;0;0
"83";0,95;100;50;1;0,5;0;0;0;0;0;0
"84";0,95;100;50;1;0,25;0;0;0;0;0;0
"85";0,95;100;50;2;10;0;0;0;0;0;0
"86";0,95;100;50;2;4;0;0;0;0;0;0
"87";0,95;100;50;2;2;0;0;0;0;0;0
"88";0,95;100;50;2;1;0;0;0;0;0;0
"89";0,95;100;50;2;0,1;0;0;0;0;0;0
"90";0,95;100;50;2;0,5;0;0;0;0;0;0
"91";0,95;100;50;2;0,25;0;0;0;0;0;0
"92";0,95;100;50;3;10;0;0;0;0;0;0
"93";0,95;100;50;3;4;0;0;0;0;0;0
"94";0,95;100;50;3;2;0;0;0;0;0;0
"95";0,95;100;50;3;1;0;0;0;0;0;0
"96";0,95;100;50;3;0,1;0;0;0;0;0;0
"97";0,95;100;50;3;0,5;0;0;0;0;0;0
"98";0,95;100;50;3;0,25;0;0;0;0;0;0
"99";0,95;100;50;4;10;0;0;0;0;0;0
"100";0,95;100;50;4;4;0;0;0;0;0;0
"101";0,95;100;50;4;2;0;0;0;0;0;0
"102";0,95;100;50;4;1;0;0;0;0;0;0
"103";0,95;100;50;4;0,1;0;0;0;0;0;0
"104";0,95;100;50;4;0,5;0;0;0;0;0;0
"105";0,95;100;50;4;0,25;0;0;0;0;0;0
"106";0,95;20;20;2;10;0;0;0;0;0;0
"107";0,95;50;100;0;10;0;0;0;0;0;0
"108";0,95;50;100;0;4;0;0;0;0;0;0
"109";0,95;50;100;0;2;0;0;0;0;0;0
"110";0,95;50;100;0;1;0;0;0;0;0;0
"111";0,95;50;100;0;0,1;0;0;0;0;0;0
"112";0,95;50;100;0;0,5;0;0;0;0;0;0
"113";0,95;50;100;0;0,25;0;0;0;0;0;0
"114";0,95;50;100;1;10;0;0;0;0;0;0
"115";0,95;50;100;1;4;0;0;0;0;0;0
"116";0,95;50;100;1;2;0;0;0;0;0;0
"117";0,95;50;100;1;1;0;0;0;0;0;0
"118";0,95;50;100;1;0,1;0;0;0;0;0;0
"119";0,95;50;100;1;0,5;0;0;0;0;0;0
"120";0,95;50;100;1;0,25;0;0;0;0;0;0
"121";0,95;50;100;2;10;0;0;0;0;0;0
"122";0,95;50;100;2;4;0;0;0;0;0;0
"123";0,95;50;100;2;2;0;0;0;0;0;0
"124";0,95;50;100;2;1;0;0;0;0;0;0
"125";0,95;50;100;2;0,1;0;0;0;0;0;0
"126";0,95;50;100;2;0,5;0;0;0;0;0;0
"127";0,95;50;100;2;0,25;0;0;0;0;0;0
"128";0,95;50;100;3;10;0;0;0;0;0;0
"129";0,95;50;100;3;4;0;0;0;0;0;0
"130";0,95;50;100;3;2;0;0;0;0;0;0
"131";0,95;50;100;3;1;0;0;0;0;0;0
"132";0,95;50;100;3;0,1;0;0;0;0;0;0
"133";0,95;50;100;3;0,5;0;0;0;0;0;0
"134";0,95;50;100;3;0,25;0;0;0;0;0;0
"135";0,95;50;100;4;10;0;0;0;0;0;0
"136";0,95;50;100;4;4;0;0;0;0;0;0
"137";0,95;50;100;4;2;0;0;0;0;0;0
"138";0,95;50;100;4;1;0;0;0;0;0;0
"139";0,95;50;100;4;0,1;0;0;0;0;0;0
"140";0,95;50;100;4;0,5;0;0;0;0;0;0
"141";0,95;50;100;4;0,25;0;0;0;0;0;0
"142";0,95;50;20;0;10;0;0;0;0;0;0
"143";0,95;50;20;0;4;0;0;0;0;0;0
"144";0,95;50;20;0;2;0;0;0;0;0;0
"145";0,95;50;20;0;1;0;0;0;0;0;0
"146";0,95;50;20;0;0,1;0;0;0;0;0;0
"147";0,95;50;20;0;0,5;0;0;0;0;0;0
"148";0,95;50;20;0;0,25;0;0;0;0;0;0
"149";0,95;50;20;1;10;0;0;0;0;0;0
"150";0,95;50;20;1;4;0;0;0;0;0;0
"151";0,95;50;20;1;2;0;0;0;0;0;0
"152";0,95;50;20;1;1;0;0;0;0;0;0
"153";0,95;50;20;1;0,1;0;0;0;0;0;0
"154";0,95;50;20;1;0,5;0;0;0;0;0;0
"155";0,95;50;20;1;0,25;0;0;0;0;0;0
"156";0,95;50;20;2;10;0;0;0;0;0;0
"157";0,95;50;20;2;4;0;0;0;0;0;0
"158";0,95;50;20;2;2;0;0;0;0;0;0
"159";0,95;50;20;2;1;0;0;0;0;0;0
"160";0,95;50;20;2;0,1;0;0;0;0;0;0
"161";0,95;50;20;2;0,5;0;0;0;0;0;0
"162";0,95;50;20;2;0,25;0;0;0;0;0;0
"163";0,95;50;20;3;10;0;0;0;0;0;0
"164";0,95;50;20;3;4;0;0;0;0;0;0
"165";0,95;50;20;3;2;0;0;0;0;0;0
"166";0,95;50;20;3;1;0;0;0;0;0;0
"167";0,95;50;20;3;0,1;0;0;0;0;0;0
"168";0,95;50;20;3;0,5;0;0;0;0;0;0
"169";0,95;50;20;3;0,25;0;0;0;0;0;0
"170";0,95;50;20;4;10;0;0;0;0;0;0
"171";0,95;50;20;4;4;0;0;0;0;0;0
"172";0,95;50;20;4;2;0;0;0;0;0;0
"173";0,95;50;20;4;1;0;0;0;0;0;0
"174";0,95;50;20;4;0,1;0;0;0;0;0;0
"175";0,95;50;20;4;0,5;0;0;0;0;0;0
"176";0,95;50;20;4;0,25;0;0;0;0;0;0
"177";0,95;50;50;0;10;0;0;0;0;0;0
"178";0,95;50;50;0;4;0;0;0;0;0;0
"179";0,95;50;50;0;2;0;0;0;0;0;0
"180";0,95;50;50;0;1;0;0;0;0;0;0
"181";0,95;50;50;0;0,1;0;0;0;0;0;0
"182";0,95;50;50;0;0,5;0;0;0;0;0;0
"183";0,95;50;50;0;0,25;0;0;0;0;0;0
"184";0,95;50;50;1;10;0;0;0;0;0;0
"185";0,95;50;50;1;4;0;0;0;0;0;0
"186";0,95;50;50;1;2;0;0;0;0;0;0
"187";0,95;50;50;1;1;0;0;0;0;0;0
"188";0,95;50;50;1;0,1;0;0;0;0;0;0
"189";0,95;50;50;1;0,5;0;0;0;0;0;0
"190";0,95;50;50;1;0,25;0;0;0;0;0;0
"191";0,95;50;50;2;10;0;0;0;0;0;0
"192";0,95;50;50;2;4;0;0;0;0;0;0
"193";0,95;50;50;2;2;0;0;0;0;0;0
"194";0,95;50;50;2;1;0;0;0;0;0;0
"195";0,95;50;50;2;0,1;0;0;0;0;0;0
"196";0,95;50;50;2;0,5;0;0;0;0;0;0
"197";0,95;50;50;2;0,25;0;0;0;0;0;0
"198";0,95;50;50;3;10;0;0;0;0;0;0
"199";0,95;50;50;3;4;0;0;0;0;0;0
"200";0,95;50;50;3;2;0;0;0;0;0;0
"201";0,95;50;50;3;1;0;0;0;0;0;0
"202";0,95;50;50;3;0,1;0;0;0;0;0;0
"203";0,95;50;50;3;0,5;0;0;0;0;0;0
"204";0,95;50;50;3;0,25;0;0;0;0;0;0
"205";0,95;50;50;4;10;0;0;0;0;0;0
"206";0,95;50;50;4;4;0;0;0;0;0;0
"207";0,95;50;50;4;2;0;0;0;0;0;0
"208";0,95;50;50;4;1;0;0;0;0;0;0
"209";0,95;50;50;4;0,1;0;0;0;0;0;0
"210";0,95;50;50;4;0,5;0;0;0;0;0;0
"211";0,95;50;50;4;0,25;0;0;0;0;0;0
"212";0,95;20;100;0;10;0;0;0;0;0;0
"213";0,95;20;100;0;4;0;0;0;0;0;0
"214";0,95;20;100;0;2;0;0;0;0;0;0
"215";0,95;20;100;0;1;0;0;0;0;0;0
"216";0,95;20;100;0;0,1;0;0;0;0;0;0
"217";0,95;20;100;0;0,5;0;0;0;0;0;0
"218";0,95;20;100;0;0,25;0;0;0;0;0;0
"219";0,95;20;100;1;10;0;0;0;0;0;0
"220";0,95;20;100;1;4;0;0;0;0;0;0
"221";0,95;20;100;1;2;0;0;0;0;0;0
"222";0,95;20;100;1;1;0;0;0;0;0;0
"223";0,95;20;100;1;0,1;0;0;0;0;0;0
"224";0,95;20;100;1;0,5;0;0;0;0;0;0
"225";0,95;20;100;1;0,25;0;0;0;0;0;0
"226";0,95;20;100;2;10;0;0;0;0;0;0
"227";0,95;20;100;2;4;0;0;0;0;0;0
"228";0,95;20;100;2;2;0;0;0;0;0;0
"229";0,95;20;100;2;1;0;0;0;0;0;0
"230";0,95;20;100;2;0,1;0;0;0;0;0;0
"231";0,95;20;100;2;0,5;0;0;0;0;0;0
"232";0,95;20;100;2;0,25;0;0;0;0;0;0
"233";0,95;20;100;3;10;0;0;0;0;0;0
"234";0,95;20;100;3;4;0;0;0;0;0;0
"235";0,95;20;100;3;2;0;0;0;0;0;0
"236";0,95;20;100;3;1;0;0;0;0;0;0
"237";0,95;20;100;3;0,1;0;0;0;0;0;0
"238";0,95;20;100;3;0,5;0;0;0;0;0;0
"239";0,95;20;100;3;0,25;0;0;0;0;0;0
"240";0,95;20;100;4;10;0;0;0;0;0;0
"241";0,95;20;100;4;4;0;0;0;0;0;0
"242";0,95;20;100;4;2;0;0;0;0;0;0
"243";0,95;20;100;4;1;0;0;0;0;0;0
"244";0,95;20;100;4;0,1;0;0;0;0;0;0
"245";0,95;20;100;4;0,5;0;0;0;0;0;0
"246";0,95;20;100;4;0,25;0;0;0;0;0;0
"247";0,95;20;20;0;10;0;0;0;0;0;0
"248";0,95;20;20;0;4;0;0;0;0;0;0
"249";0,95;20;20;0;2;0;0;0;0;0;0
"250";0,95;20;20;0;1;0;0;0;0;0;0
"251";0,95;20;20;0;0,1;0;0;0;0;0;0
"252";0,95;20;20;0;0,5;0;0;0;0;0;0
"253";0,95;20;20;0;0,25;0;0;0;0;0;0
"254";0,95;20;20;1;10;0;0;0;0;0;0
"255";0,95;20;20;1;4;0;0;0;0;0;0
"256";0,95;20;20;1;2;0;0;0;0;0;0
"257";0,95;20;20;1;1;0;0;0;0;0;0
"258";0,95;20;20;1;0,1;0;0;0;0;0;0
"259";0,95;20;20;1;0,5;0;0;0;0;0;0
"260";0,95;20;20;1;0,25;0;0;0;0;0;0
"261";0,95;20;20;2;4;0;0;0;0;0;0
"262";0,95;20;20;2;2;0;0;0;0;0;0
"263";0,95;20;20;2;1;0;0;0;0;0;0
"264";0,95;20;20;2;0,1;0;0;0;0;0;0
"265";0,95;20;20;2;0,5;0;0;0;0;0;0
"266";0,95;20;20;2;0,25;0;0;0;0;0;0
"267";0,95;20;20;3;10;0;0;0;0;0;0
"268";0,95;20;20;3;4;0;0;0;0;0;0
"269";0,95;20;20;3;2;0;0;0;0;0;0
"270";0,95;20;20;3;1;0;0;0;0;0;0
"271";0,95;20;20;3;0,1;0;0;0;0;0;0
"272";0,95;20;20;3;0,5;0;0;0;0;0;0
"273";0,95;20;20;3;0,25;0;0;0;0;0;0
"274";0,95;20;20;4;10;0;0;0;0;0;0
"275";0,95;20;20;4;4;0;0;0;0;0;0
"276";0,95;20;20;4;2;0;0;0;0;0;0
"277";0,95;20;20;4;1;0;0;0;0;0;0
"278";0,95;20;20;4;0,1;0;0;0;0;0;0
"279";0,95;20;20;4;0,5;0;0;0;0;0;0
"280";0,95;20;20;4;0,25;0;0;0;0;0;0
"281";0,95;20;50;0;10;0;0;0;0;0;0
"282";0,95;20;50;0;4;0;0;0;0;0;0
"283";0,95;20;50;0;2;0;0;0;0;0;0
"284";0,95;20;50;0;1;0;0;0;0;0;0
"285";0,95;20;50;0;0,1;0;0;0;0;0;0
"286";0,95;20;50;0;0,5;0;0;0;0;0;0
"287";0,95;20;50;0;0,25;0;0;0;0;0;0
"288";0,95;20;50;1;10;0;0;0;0;0;0
"289";0,95;20;50;1;4;0;0;0;0;0;0
"290";0,95;20;50;1;2;0;0;0;0;0;0
"291";0,95;20;50;1;1;0;0;0;0;0;0
"292";0,95;20;50;1;0,1;0;0;0;0;0;0
"293";0,95;20;50;1;0,5;0;0;0;0;0;0
"294";0,95;20;50;1;0,25;0;0;0;0;0;0
"295";0,95;20;50;2;10;0;0;0;0;0;0
"296";0,95;20;50;2;4;0;0;0;0;0;0
"297";0,95;20;50;2;2;0;0;0;0;0;0
"298";0,95;20;50;2;1;0;0;0;0;0;0
"299";0,95;20;50;2;0,1;0;0;0;0;0;0
"300";0,95;20;50;2;0,5;0;0;0;0;0;0
"301";0,95;20;50;2;0,25;0;0;0;0;0;0
"302";0,95;20;50;3;10;0;0;0;0;0;0
"303";0,95;20;50;3;4;0;0;0;0;0;0
"304";0,95;20;50;3;2;0;0;0;0;0;0
"305";0,95;20;50;3;1;0;0;0;0;0;0
"306";0,95;20;50;3;0,1;0;0;0;0;0;0
"307";0,95;20;50;3;0,5;0;0;0;0;0;0
"308";0,95;20;50;3;0,25;0;0;0;0;0;0
"309";0,95;20;50;4;10;0;0;0;0;0;0
"310";0,95;20;50;4;4;0;0;0;0;0;0
"311";0,95;20;50;4;2;0;0;0;0;0;0
"312";0,95;20;50;4;1;0;0;0;0;0;0
"313";0,95;20;50;4;0,1;0;0;0;0;0;0
"314";0,95;20;50;4;0,5;0;0;0;0;0;0
"315";0,95;20;50;4;0,25;0;0;0;0;0;0
