"n1";"n2";"m1";"m2";"var1";"var2";"skew";"kurt";"Average_m1";"Stdev_m1";"Average_m2";"Stdev_m2";"Average_var1";"Stdev_var1";"Average_var2";"Stdev_var2";"Average_skew1";"Stdev_skew1";"Average_skew2";"Stdev_skew2";"Average_kurt1";"Stdev_kurt1";"Average_kurt2";"Stdev_kurt2"
"1";100;100;0;0;1;0,01;6,32;95,75;-1,06412214760089e-05;0,100107837768143;-5,013915073717e-05;0,00997004658152006;1,00028567259259;0,938066375372897;0,00996115493041016;0,00887276601537045;18,6132590356113;14,1008588002656;18,5953324058197;14,2082906545558;3,75683077107498;1,26602745931719;3,75318747996374;1,27435314423317
"2";100;100;0;0;1;0,0625;6,32;95,75;-0,000109672587041432;0,100102460484298;4,32019284875591e-05;0,0248880297738022;0,999526284317006;0,924045282310976;0,0626071441323921;0,0565252832044504;18,607292598965;14,1800319129936;18,7122039834493;14,255981159689;3,75565396098406;1,27175677597639;3,76481848751835;1,27711183935011
"3";100;100;0;0;1;0,25;6,32;95,75;0,000229479900388993;0,100505372639247;2,60820915308279e-05;0,0501524342307376;1,00503303505886;0,948600755498203;0,250573550349818;0,234676064434364;18,7359215545411;14,2773588356162;18,6429410446892;14,2328168014175;3,76645042021466;1,27922208596833;3,75806180961803;1,27435819541851
"4";100;100;0;0;1;1;6,32;95,75;0,00015554434874584;0,100140444674103;2,76641161232996e-05;0,099768102589268;0,999549019243083;0,886014401936819;0,999085816011432;0,99735243864285;18,6911118334159;14,2471317571245;18,6275236620276;14,1574517124543;3,7615994407928;1,27707129915404;3,7564968551771;1,27005327706667
"5";100;100;0;0;1;100;6,32;95,75;0,000365385760586783;0,0997956511964102;0,00568639485722367;1,00292067401281;1,00281292874922;1,05356318672403;100,531202326604;96,8757068667884;18,6168223011532;14,2038324132975;18,6517880210149;14,2007357214866;3,75556093498407;1,27375662823758;3,75952219153063;1,27257602586389
"6";100;100;0;0;1;4;6,32;95,75;-0,000102374025019092;0,0996628028130552;0,000176350751932103;0,198384807903165;0,996206408876466;0,886186968168886;3,99535516459205;3,6616855798173;18,6019157591443;14,1122508232689;18,648449256918;14,2139714317567;3,75481307289895;1,26678061809155;3,75847736897738;1,27492987952418
"7";100;100;0;0;1;16;6,32;95,75;0,000148235793679289;0,0999526840101754;-0,000803739841904791;0,397939958638981;0,997557359625786;0,89782416441056;15,9487812770485;15,3541640466603;18,6185023389761;14,1313240149426;18,5501337497206;14,1418819607093;3,75576142028878;1,26862464319813;3,74946339760559;1,2688227519901
"8";100;100;1;0;1;0,01;6,32;95,75;0,999626100898051;0,100089501269269;6,09335029288625e-05;0,0100199440724832;1,00356581354906;1,89585831281287;0,0100784523097399;0,00934803706263131;18,6228075099899;14,1972343908795;18,710678910961;14,2511901549749;3,75589844298741;1,27281164711953;3,76473054819217;1,27739541386721
"9";100;100;1;0;1;0,0625;6,32;95,75;0,999677933650287;0,100011462864078;-1,47903406507895e-05;0,0249947820695897;0,995555799511316;0,894660807817585;0,0625978300237216;0,0600593278594979;18,584224906612;14,1315086718467;18,6271767299104;14,1689809328518;3,75246041768808;1,26917144848871;3,7565077712319;1,27218450967663
"10";100;100;1;0;1;0,25;6,32;95,75;1,0002057942089;0,100321623163505;-0,000299416252882329;0,0497473040058849;1,0044292863176;0,940900390731909;0,248004345405375;0,265445682709289;18,6916290524308;14,2372128006579;18,5678585625709;14,0945244367157;3,76281720275104;1,27536773318088;3,75139151102698;1,26534331979305
"11";100;100;1;0;1;1;6,32;95,75;1,00061266311728;0,100540816578467;-0,000158675339362558;0,100261188694597;1,00497259310619;1,00736022082193;0,999580344138114;0,923450253823062;18,6883895341878;14,2346440542781;18,6009018349679;14,126908156016;3,76217912687417;1,27588519006883;3,75467657612903;1,26831369257721
"12";100;100;1;0;1;100;6,32;95,75;1,00004473737053;0,100286713042226;-0,00282638165552855;1,00178537252027;1,00682005392363;1,17091373217098;99,697183031582;94,0505646931818;18,6949375183851;14,2082344420798;18,6334374188107;14,1571490166226;3,7629457775689;1,27353454321272;3,75706710220097;1,26957307574163
"13";100;100;1;0;1;4;6,32;95,75;0,999711752975287;0,0996398247891143;0,000272513045831242;0,20082947445712;0,997700099171072;0,920316469797;4,01530929613134;4,00481848281018;18,6192563888144;14,1523952191796;18,6970646950955;14,2045392592781;3,75631600492301;1,27011221800241;3,76316788276904;1,27366115708192
"14";100;100;1;0;1;16;6,32;95,75;0,999879656943864;0,0997063000413566;0,00374497560279524;0,401188230387102;0,99880131238699;0,946098393322753;16,1176905686011;15,4333595459822;18,6139874777928;14,2130934520006;18,6373376528825;14,1154214434718;3,75464590495945;1,27550657324908;3,75960090174827;1,26634129401272
"15";100;100;2;0;1;0,01;6,32;95,75;2,00002856014871;0,100427432277875;2,96341826602674e-05;0,0100349218375686;1,00562614688242;1,12284937334813;0,0100439019331029;0,00976794511256288;18,6809079426541;14,2790415140313;18,6385382622132;14,2125603109049;3,76066664574046;1,27990391904474;3,75749719169352;1,27385201216195
"16";100;100;2;0;1;0,0625;6,32;95,75;2,00005884159494;0,099756648825487;8,84310394676233e-05;0,0249576893141575;0,996953181470279;0,930284854996529;0,0624801902202681;0,0567035863708978;18,5600763403585;14,0788622122675;18,636906737241;14,1311556786698;3,75119568515785;1,26494862263934;3,75891643505452;1,26864291525989
"17";100;100;2;0;1;0,25;6,32;95,75;1,99969642699245;0,099533496897584;-3,29888206072302e-05;0,0498632392827058;0,995677336448305;0,897608148464821;0,249473251843561;0,23415417228227;18,583819192201;14,1409271451459;18,6113229779358;14,1921386810065;3,75350544378788;1,26978742694553;3,75520892211276;1,27280647923157
"18";100;100;2;0;1;1;6,32;95,75;2,00002118700492;0,100187545732962;-2,41692151525227e-05;0,0997435852075486;1,00306739284723;0,972727539438136;0,999433014615178;1,23492819583045;18,6788654341251;14,251761287951;18,6115156878023;14,1331454856873;3,76033305539734;1,27658465961278;3,75565075158912;1,26897216857594
"19";100;100;2;0;1;100;6,32;95,75;2,00052651413652;0,100150331928462;-0,00227389070438018;0,992546211415871;1,00775840903759;1,00956362834494;99,6997179892163;89,1716546033787;18,6650417400713;14,2382714862517;18,6367014388016;14,1743748109582;3,76023488639776;1,27581563106444;3,75710249427145;1,27194580552068
"20";100;100;2;0;1;4;6,32;95,75;2,00049097359176;0,10031185003994;-0,000119650045138642;0,200863783116032;1,00381486534273;0,947343297484925;4,01356448518325;5,97909510235211;18,6337860714214;14,1875375736944;18,6398282588371;14,199473103432;3,75759469594192;1,27291563301722;3,75772153422788;1,27369579610612
"21";100;100;2;0;1;16;6,32;95,75;1,99987142831659;0,0999383051188945;-0,000323365711560117;0,400453480567439;0,998308660620176;0,91671916514831;16,0111311508834;15,0121127028913;18,6545153861147;14,2487706159217;18,6673825177299;14,288406913086;3,75812914381024;1,27667965562801;3,75882116567646;1,2794623273174
"22";100;100;3;0;1;0,01;6,32;95,75;2,99965985034265;0,09970733190763;-4,06642232179997e-06;0,00996653654288236;0,996938277869648;0,971107860130985;0,00998982607448931;0,00878631257916575;18,5642980737539;14,1231719771551;18,6725407274244;14,2429161343333;3,75104542686836;1,26821249803914;3,76138937764301;1,27652829039083
"23";100;100;3;0;1;0,0625;6,32;95,75;3,00024387731473;0,100898401480139;5,38766193265104e-05;0,0249967305069083;1,00198188708945;1,02249059868545;0,0626156204760556;0,0590464266483402;18,6103268712756;14,1381453162494;18,661884729157;14,1937987515021;3,7550334271349;1,26969145800654;3,76083356245438;1,27271316742694
"24";100;100;3;0;1;0,25;6,32;95,75;2,9994188780159;0,100000244741957;-6,5826911673566e-05;0,0500001598303297;0,998180650590646;0,960780295993735;0,251017396555336;0,262775674595159;18,6166037555899;14,1743095121648;18,6808368776654;14,2967220050172;3,7559361352751;1,27185510791599;3,76056991678356;1,27971419135828
"25";100;100;3;0;1;1;6,32;95,75;2,99997502224593;0,100066043237046;-0,000191238039638336;0,0999891734389894;1,00111585080191;0,936147816199761;1,00072728995757;1,0163707086561;18,6367545985873;14,2525951900282;18,5863969993464;14,1486530002236;3,75705429735704;1,27763486828561;3,75324471245587;1,26910558673287
"26";100;100;3;0;1;100;6,32;95,75;2,99967385505482;0,0999980283248887;-0,000497808704414667;0,997452796034789;1,0010670657606;0,981544512053983;99,9743680375804;96,5657977190438;18,6097634645761;14,2260458098574;18,5746370075496;14,1791387714253;3,75464444205077;1,27507035847772;3,75186122893342;1,27131989750898
"27";100;100;3;0;1;4;6,32;95,75;2,99965185203927;0,0994500826233697;-0,000199769091565318;0,200133121550254;0,997885575815893;0,914786334444543;3,99370802161521;3,66332162598826;18,7114945921818;14,2233121851685;18,5955132906866;14,1794686389926;3,76389392242101;1,27510170684526;3,75424845226565;1,27122113377042
"28";100;100;3;0;1;16;6,32;95,75;3,00015045261924;0,0999451763618601;-0,00130869033768699;0,399208993818608;1,00048034535251;0,91210108356145;15,9523390193171;14,2435238235847;18,6533639476907;14,212992705134;18,6303437493411;14,1692950988864;3,75878045869676;1,27448590599582;3,75742849502295;1,27186625036603
"29";100;100;4;0;1;0,01;6,32;95,75;4,00003137407875;0,100200356443891;2,6000845896285e-05;0,00996456783024214;0,999921723750409;0,927294000557536;0,00999119572057253;0,00913387225471654;18,617746779112;14,1671589311675;18,6228606445739;14,1618423041844;3,75650355673688;1,27002771688388;3,7564471440781;1,27103135246785
"30";100;100;4;0;1;0,0625;6,32;95,75;4,00068562941204;0,100383796966547;-5,17088537480969e-05;0,024950860177971;1,00611726644062;0,969570588868129;0,0624601553916282;0,0598145114974665;18,6898103930883;14,2118481935521;18,6611649434252;14,1959002074356;3,76305810912993;1,27380845341984;3,75937515997401;1,27331785644618
"31";100;100;4;0;1;0,25;6,32;95,75;3,99996537409044;0,100050562993223;0,000209870816541244;0,0498111849452628;1,00117229387879;0,917367288193267;0,24968281860644;0,235075032169564;18,668723207843;14,2474236316875;18,6136361993391;14,1213133197508;3,76018577110367;1,2767044963074;3,75637613974754;1,26691082753691
"32";100;100;4;0;1;1;6,32;95,75;3,99969941336368;0,0997335989844314;-0,000475777473573496;0,0996617985955356;0,995938139624356;0,895880517004534;0,994558554126067;0,895944586729567;18,5736509228255;14,1134048883301;18,5399468705856;14,0348102869122;3,75231376564937;1,26717848287317;3,75093313523097;1,2619701270339
"33";100;100;4;0;1;100;6,32;95,75;4,00007311233404;0,099727718787823;0,00195419750155673;1,00037838893263;1,00021071103429;0,928921701986653;100,008410567899;89,7343613977526;18,6764109975631;14,1989329497391;18,648893065593;14,1886571183637;3,76090821484826;1,27167643712052;3,75901826790021;1,27205504871074
"34";100;100;4;0;1;4;6,32;95,75;4,00005452525741;0,100050658729221;-0,000222070872286308;0,199749535335095;0,997724429074306;0,953250033528246;4,00553929488768;3,78316998933745;18,5891526643868;14,1236264624932;18,7118355026185;14,2816044761277;3,75384621529603;1,26761829714323;3,76370690635592;1,27920171727755
"35";100;100;4;0;1;16;6,32;95,75;3,99986923543194;0,0997961420675199;-0,00188911002141658;0,398669606665552;0,998128081502164;0,901858835214756;15,952102611278;14,8267429365803;18,5929288144114;14,1199992112836;18,6652106203327;14,2208952950735;3,75473906086202;1,26687240008272;3,7599644998285;1,27428328471127
"36";100;20;0;0;1;0,01;6,32;95,75;2,59114670633859e-05;0,0999436304927667;-3,0335742765581e-05;0,0224043447975524;1,00363987468833;0,964432209585858;0,010040366962605;0,0187813654677792;18,6620974007328;14,2594362264439;6,79388028130272;5,14055876110045;3,75995723965287;1,2772357447227;2,47095434373706;0,842251478962819
"37";100;20;0;0;1;0,0625;6,32;95,75;3,57707614694569e-05;0,0998340176578558;3,31861567233528e-05;0,0561537256419273;1,00246642034616;0,99254794815709;0,0625933605385108;0,121445331055883;18,5985602742918;14,2120329616609;6,74459333038946;5,12093571889536;3,75363508127552;1,27355716222631;2,46440374148279;0,839212884790893
"38";100;20;0;0;1;0,25;6,32;95,75;0,000123465860911885;0,0997731569148879;-0,000515410978069592;0,1114899040846;0,996952694974713;0,875543856989879;0,249660249789761;0,469690391522854;18,6205457422173;14,1347624253087;6,79639156722841;5,12928696899785;3,75626052941752;1,26931426697848;2,4721683078972;0,840159128434539
"39";100;20;0;0;1;1;6,32;95,75;-0,000435386092928884;0,100030354835732;-0,000452001740727181;0,224190533481466;0,998916171185675;0,914013310421857;1,00149062797755;1,93381736102886;18,6102749437111;14,1848770081797;6,77036859836465;5,13122943729599;3,75529179307711;1,27180126671258;2,46749923673431;0,841013369655688
"40";100;20;0;0;1;100;6,32;95,75;-4,41767951993798e-05;0,100089303945594;0,0121227838319648;2,2527212776379;1,00248899445554;1,03154606176745;100,832580881708;188,925624257305;18,6305856857847;14,209840134883;6,76611601086331;5,12321066485042;3,75705696878606;1,27296442141754;2,46719296547369;0,83944220024969
"41";100;20;0;0;1;4;6,32;95,75;0,000307715754713979;0,0997574645651156;-0,00218610055910679;0,444978735815999;0,999668726502387;0,884118645460625;3,96954499017614;8,14965850650536;18,6535150864154;14,2026669668105;6,77064948256821;5,12205324721942;3,75897430392475;1,27367138478766;2,46771059792368;0,839857630219152
"42";100;20;0;0;1;16;6,32;95,75;0,000702484458918881;0,100315509101658;0,00149764581983664;0,893084142314568;1,00364564736527;0,922129988498546;15,9137047943051;29,5690997075843;18,6472347429551;14,2158859437702;6,78212056067415;5,14606191657736;3,75802468733352;1,27425605085665;2,46974704137084;0,84230838016274
"43";100;20;1;0;1;0,01;6,32;95,75;0,999720836264092;0,0998858184233173;-1,97927475407075e-05;0,0223993065625426;0,997211971706217;0,902556895334105;0,0100064096434703;0,0188487694336192;18,6202925319072;14,1817866128186;6,75563916467358;5,12630618450904;3,75607176916478;1,27195202787778;2,46545993510112;0,839947690024707
"44";100;20;1;0;1;0,0625;6,32;95,75;0,999924005938815;0,0999772106350841;-0,000209014142501469;0,0557830229307971;1,00113764903221;0,958339379122863;0,0618339976026442;0,110425582185828;18,6612623372896;14,1555331251223;6,75221317142328;5,12439738355919;3,76047562620055;1,27153164729485;2,46545602830352;0,839601534776261
"45";100;20;1;0;1;0,25;6,32;95,75;1,00047842841819;0,0998391175053211;-8,75219294945568e-07;0,112234144680326;1,00123616409339;0,891635816327786;0,25223475717462;0,488085748627217;18,6500270680838;14,1906825899263;6,77536918953874;5,12216777073257;3,75919197575603;1,27361966158191;2,46917130246457;0,839622409641018
"46";100;20;1;0;1;1;6,32;95,75;1,00029509811299;0,100382311297364;0,00187780783921675;0,22593415663313;1,00175144499454;0,935700309452504;1,01070107594082;2,10137108997696;18,6183197505277;14,1532201754245;6,76330301336888;5,12156822679233;3,75611715643219;1,27053625503636;2,46711590076713;0,839242728007646
"47";100;20;1;0;1;100;6,32;95,75;1,0004097860869;0,100612661139946;-0,000175984030420159;2,24060041536944;1,00434347976382;1,16311332283111;99,7831955719994;185,111979317495;18,6743091828823;14,2371778584362;6,78398284156203;5,12513090818661;3,76063432310327;1,27559838376642;2,47040574286572;0,839280877309831
"48";100;20;1;0;1;4;6,32;95,75;0,999489763894468;0,0996452581445649;-0,0016807982782469;0,447814932733311;0,996918016300865;0,91887831517882;3,98275346771983;7,20527018815667;18,6314687350381;14,206153851883;6,75312533076647;5,12270426858043;3,7569001809763;1,27274127996635;2,46443790097634;0,84058627788829
"49";100;20;1;0;1;16;6,32;95,75;0,99951378284417;0,100380020245932;-0,00051462595222232;0,892732984917538;0,999858887492745;0,931199086001424;15,9038277129237;28,7642052313605;18,6264198091264;14,1509846854677;6,7737726423045;5,11484696838001;3,75707375657536;1,26918318006634;2,46817598974373;0,839254099699777
"50";100;20;2;0;1;0,01;6,32;95,75;1,99966628848145;0,0997345992489868;-1,51275640498317e-05;0,0223928754791063;0,994853385736063;0,885176840711881;0,00994735631988525;0,0205378969306815;18,5747579908506;14,1662115709075;6,74686048216451;5,11121064197197;3,75118632093826;1,2713179681117;2,4645346850718;0,837858192889917
"51";100;20;2;0;1;0,0625;6,32;95,75;1,99970955061144;0,0996178555399607;-5,9245460772249e-05;0,05587589366858;0,992984399461694;0,882503946175152;0,0625537984760146;0,112021088248563;18,5219742855539;14,0709221288536;6,76858345593131;5,13399331373425;3,74796743638866;1,26334813678431;2,46713235294591;0,841635614522766
"52";100;20;2;0;1;0,25;6,32;95,75;2,0001946334869;0,100210339616773;0,000580921549861968;0,111933311913103;0,998499989350682;0,911595202699638;0,250280684175114;0,455353033796439;18,6561732230396;14,2294280232067;6,76770486787118;5,12763846735925;3,75876556675644;1,2743227252065;2,46739097928485;0,840295437620505
"53";100;20;2;0;1;1;6,32;95,75;1,99953843313083;0,0999629384163371;0,000408905932059713;0,223326282371051;0,995236554282481;0,897551214065685;1,00016084419786;1,8348936783198;18,6169438178229;14,1970878610536;6,77922157196425;5,1360966261331;3,75539762626615;1,27257436378677;2,46882847190931;0,841552395910099
"54";100;20;2;0;1;100;6,32;95,75;1,99969921065165;0,100047667270804;-0,0141772751120333;2,21683675492495;0,998088594841352;0,892369814636902;99,1588070357377;183,295440202897;18,6621721736975;14,1574313439532;6,75398321969941;5,13036040957365;3,76097550071555;1,27036535061955;2,46481524919701;0,840191472755609
"55";100;20;2;0;1;4;6,32;95,75;1,9999493301526;0,0994044744299818;0,000892778149206475;0,448752960831191;0,998345924652147;0,931865725190276;4,0366450232245;9,13656436353019;18,6059412253391;14,1632217103224;6,77138232064062;5,12493466991351;3,75528097099757;1,27043195494968;2,4681425691191;0,839728253334597
"56";100;20;2;0;1;16;6,32;95,75;2,00015300635206;0,100311207076;-0,000374177690096394;0,891155619544264;1,00018104489165;0,983444880833338;15,9410497530759;29,0489015967226;18,6866956437545;14,2319576802067;6,79485305181466;5,1280400244398;3,7620815836919;1,27502923300369;2,47179271334353;0,840173532692747
"57";100;20;3;0;1;0,01;6,32;95,75;3,00033956946906;0,10043504505724;5,02844822760007e-05;0,0224398042259715;1,00020021141767;0,906256894081202;0,010026009922558;0,0192971790941647;18,6050308605811;14,1826090486597;6,73893728873998;5,11777167978047;3,75404488365856;1,27254186021655;2,46276490600467;0,839275254467794
"58";100;20;3;0;1;0,0625;6,32;95,75;2,99973529869066;0,0998064063457887;-0,000210165875611904;0,0556914567713743;0,999907834831384;0,938245719813441;0,0621168346604781;0,122859553655919;18,6290065744884;14,2278518754571;6,74112461115785;5,1152147018626;3,75593323361971;1,27599155919087;2,46317643439936;0,838400998267159
"59";100;20;3;0;1;0,25;6,32;95,75;3,0003331965231;0,0998016636848824;0,000396832685597454;0,111663748037804;1,00113711294629;0,941426050324955;0,249628612742169;0,446221306029924;18,6430465617407;14,1307251423524;6,7636303338426;5,13298625812665;3,75923206909658;1,26754380915788;2,46593754202527;0,841609139856785
"60";100;20;3;0;1;1;6,32;95,75;3,00012803714411;0,100347239869624;-0,000382453962540744;0,224061625747733;1,00208135780656;0,937629501745883;0,999353564124248;1,92871936220489;18,6229011706375;14,2460330747125;6,76029829049496;5,13251792310729;3,75612273013587;1,27718474083579;2,46618964946287;0,841012117881176
"61";100;20;3;0;1;100;6,32;95,75;2,99950931714693;0,0996040437153328;0,000261543914873721;2,24050292092075;0,993100285799345;0,927818269438763;100,184637640972;197,453467564702;18,579078832601;14,1211097020239;6,75845098450861;5,1219109933737;3,75182171477431;1,26777081260062;2,46590788470776;0,83982101307818
"62";100;20;3;0;1;4;6,32;95,75;3,00018800811967;0,0997610794811014;0,000592115431647405;0,447168338927033;1,00046903342172;0,937030654851632;4,005482338253;7,74244705983112;18,5920930356289;14,1624891842704;6,75093038418226;5,10991500313567;3,75369868294824;1,26935831917;2,46521606603824;0,837756661019965
"63";100;20;3;0;1;16;6,32;95,75;2,99984345247243;0,100021536990344;-0,000963021280457597;0,896416809694782;0,997444841676163;0,918371864261191;16,0429437616317;33,8618007126195;18,6050488744945;14,1674101347421;6,77963626663404;5,14204070447394;3,75457684947217;1,27157568509049;2,46889229669313;0,842141533046693
"64";100;20;4;0;1;0,01;6,32;95,75;3,99974787057965;0,10023065719542;2,40925031159679e-05;0,0223868740820478;1,001545264324;1,12586288422389;0,010060629612181;0,0195661982694583;18,5940343741145;14,155031481296;6,7791154249919;5,14277382741149;3,75474613593206;1,2692190239889;2,4690290129128;0,842814316606735
"65";100;20;4;0;1;0,0625;6,32;95,75;4,00005294103715;0,0999325612993173;-0,000137801053338838;0,0558411797790228;1,00313647854249;1,0292795679077;0,0622720329076446;0,1095293549338;18,6185503391821;14,1960007598225;6,77184342720452;5,12934212891213;3,75581610893664;1,27279780434364;2,46795055212757;0,841085063609176
"66";100;20;4;0;1;0,25;6,32;95,75;3,99996499909512;0,100227963609121;0,000418974025199545;0,112342345377244;1,00171286817584;1,09847629753688;0,251632503463317;0,54086007226828;18,5883337790407;14,1494707159901;6,76768002060062;5,12735629728387;3,7532399896857;1,26988184661652;2,4673127536233;0,840054071672759
"67";100;20;4;0;1;1;6,32;95,75;4,00018753881756;0,100404011410712;0,000341558867290249;0,22304863660764;1,0012029683716;0,958139043318023;0,99881467339301;1,88009040196223;18,5626559598899;14,102349560784;6,76761187152527;5,12240089125306;3,75217170123027;1,2652686764735;2,46755141385415;0,839693458846031
"68";100;20;4;0;1;100;6,32;95,75;4,00001479480189;0,0999672248530242;0,00164453446267093;2,24503742915274;1,00118990968793;0,976552188388446;100,400925420062;193,401619361935;18,5768278142595;14,1064717093548;6,758993878256;5,11871761314227;3,75286103299903;1,2661510698421;2,46669645714777;0,838453933718896
"69";100;20;4;0;1;4;6,32;95,75;4,00017946703175;0,100087745567792;0,000987274799003697;0,451023099250867;0,999269506419826;0,995276380332527;4,05480489557099;8,20948125907725;18,6206078948043;14,1771136369038;6,77362804629701;5,13793121047144;3,75624264900373;1,27031842830329;2,4682776180947;0,841948883545529
"70";100;20;4;0;1;16;6,32;95,75;3,99977972777823;0,0998129672690249;0,000663989782893414;0,89303128183959;0,999848419039905;0,935065735010753;16,042842182767;31,82986511489;18,6412962465783;14,1988899412954;6,78592258089664;5,13310216733094;3,75873915639604;1,27305096662887;2,47025684807398;0,841184254462362
"71";100;50;0;0;1;0,01;6,32;95,75;-0,000366149312005893;0,0997542774443903;-1,75553990660158e-05;0,0141154953241129;1,00100709018647;0,96796083572021;0,00998236845040597;0,0121830654244836;18,6212512829622;14,198679977876;12,5697492388361;9,17340353372097;3,75605692868687;1,27276145680101;3,20043401050463;1,06608204829704
"72";100;50;0;0;1;0,0625;6,32;95,75;-2,7413914512384e-05;0,10021869242968;6,70300886476054e-05;0,0354878968986462;1,00167839020903;0,917301942545779;0,0627560545496256;0,0796923354312414;18,6190054395402;14,2166053723411;12,5928442232264;9,15505198114813;3,75611010440437;1,2731913460406;3,20368451368324;1,06379492840481
"73";100;50;0;0;1;0,25;6,32;95,75;-0,000538958630139299;0,0996230068519055;0,00040268048680718;0,0711729358100568;0,992078586560137;0,880134397345775;0,253310886906874;0,591182967232835;18,5257034905408;14,0735522582105;12,5870265917137;9,16212965636999;3,7473618505813;1,26487470957165;3,2026801985964;1,06508446305391
"74";100;50;0;0;1;1;6,32;95,75;0,000329015532069561;0,0999862998661275;5,96435661157858e-05;0,141003771115504;1,00172233664835;0,946352370919991;1,00269281470856;1,36502035780297;18,6846257033216;14,2388288226155;12,5680918847591;9,19453609573021;3,76147255143432;1,27639987713559;3,19992752997307;1,06803458587944
"75";100;50;0;0;1;100;6,32;95,75;-8,67838104144428e-05;0,100307044197003;0,00141739102981047;1,42025172944997;0,996717423231065;0,869330019959748;99,8698465812653;133,424157243546;18,6459895656745;14,1762048635846;12,5140652710449;9,10980028536208;3,75852378772334;1,27185051258611;3,19409410201848;1,06008045667804
"76";100;50;0;0;1;4;6,32;95,75;-0,000196125876662301;0,100064824966607;0,0008063048261034;0,283513958910982;1,00087469587034;0,956841957372188;4,03081285743599;6,15481169920615;18,6612287166903;14,1940163229396;12,569895903797;9,17631217601291;3,76000077746529;1,27296191907756;3,2000539530973;1,06627190213755
"77";100;50;0;0;1;16;6,32;95,75;-0,000732816683336676;0,0995623870040745;0,00137738312289218;0,566883108954899;0,990715888091812;0,8791449844706;16,0444750058048;20,1483898892333;18,5784478976097;14,0837367405236;12,5587907264056;9,18058655867528;3,7523665838955;1,26598923634401;3,19876994260894;1,06782194835854
"78";100;50;1;0;1;0,01;6,32;95,75;0,99977584499235;0,0999732837052433;4,04788034270911e-05;0,0141118040771495;0,999286142692127;1,02826314960935;0,00997628004957435;0,0122272096792888;18,55402212448;14,0981130396182;12,5270586028469;9,17027861513732;3,75078013277581;1,26600560984028;3,19458642540815;1,06616792279119
"79";100;50;1;0;1;0,0625;6,32;95,75;1,00028320818182;0,100029012067193;7,72464564653904e-05;0,0354561432991018;0,998839351326316;1,00192679265143;0,0627308892138421;0,0851618792768173;18,5611658382492;14,1639379439035;12,5730902295069;9,19164879590111;3,75019236065354;1,27096959537544;3,19951400556055;1,0676121556545
"80";100;50;1;0;1;0,25;6,32;95,75;1,00000403087398;0,0995472834310037;0,000275215601212096;0,0709153648147265;1,00133510771085;0,935680121629508;0,251216998837455;0,33019229140307;18,6635696432819;14,272549511665;12,5391134027071;9,15749134474195;3,75926967162552;1,27819943773129;3,19628923132408;1,06484946417586
"81";100;50;1;0;1;1;6,32;95,75;0,999871779724635;0,0999658241165183;0,000357909951874605;0,14153868179604;0,998427657389883;0,907361771634955;1,00398959030373;1,35635547139258;18,6574381096155;14,1850728549035;12,5447695238061;9,15945259441513;3,75950495377443;1,27324259260098;3,19769448319049;1,06437954124195
"82";100;50;1;0;1;100;6,32;95,75;1,00024871065526;0,100251184398393;0,00370798568839535;1,41284813116326;1,00103165714542;0,939711018818239;100,264561483791;134,727234197286;18,6157979673253;14,1995721767894;12,5723977291258;9,17862497404407;3,7557950240909;1,27293493839494;3,20035661314545;1,06627595412326
"83";100;50;1;0;1;4;6,32;95,75;1,0001433148016;0,100270093457042;-0,000708944643432027;0,281783347497254;1,00156155769223;0,954887940694648;3,96223647294384;4,80861858004877;18,589907675906;14,1045727007403;12,4843756056718;9,11825155664561;3,75489742825557;1,26616766879303;3,19029834490511;1,06085936723809
"84";100;50;1;0;1;16;6,32;95,75;1,00010205488278;0,100119533900292;-0,00309401033419574;0,565475929158878;1,002715895958;1,00764434842898;15,9636305581397;21,1156014469376;18,5710520472097;14,1768221080887;12,5910391414475;9,19425999328394;3,75204245643086;1,27117358348559;3,20254515652477;1,06823619313469
"85";100;50;2;0;1;0,01;6,32;95,75;1,99945510448373;0,0999704199821062;8,05472812104115e-06;0,0141872688455134;0,99594207744431;0,895425802867042;0,0100550225241488;0,0130464645136295;18,5908319643916;14,1583006337759;12,5752870280181;9,20606668612012;3,75321239790794;1,27046056013576;3,20054411047178;1,06874487548361
"86";100;50;2;0;1;0,0625;6,32;95,75;1,99946710182986;0,0998583085752822;0,000146900852449903;0,0352551488580798;0,996457742937261;0,901791789063318;0,0624243984983754;0,0778762503737518;18,619725915454;14,1684892635134;12,5343654910042;9,13984934876136;3,7562208751792;1,27019392547608;3,19655723081172;1,06273607571045
"87";100;50;2;0;1;0,25;6,32;95,75;2,00021819805169;0,0999758469854604;4,57786054908078e-05;0,0707085741386336;1,00041685842099;0,881501091950086;0,250387341437815;0,305561101189394;18,6765507645533;14,2210419267347;12,5370347089907;9,17957603450948;3,7612758024737;1,27439501533871;3,19616062948718;1,06753733712213
"88";100;50;2;0;1;1;6,32;95,75;1,99991292039621;0,100086582362976;-0,000419075223015485;0,14087458941561;1,00026836199594;0,916569153546848;0,996032452599179;1,3260705547943;18,6554410253929;14,1791988181393;12,5463818962175;9,14776632707459;3,76048503735726;1,27098986449848;3,19698407573659;1,06355607966261
"89";100;50;2;0;1;100;6,32;95,75;1,99928849596796;0,100042194420309;-0,00420122388375145;1,41323515637486;1,00031808616336;0,979866147920959;100,069904735433;125,973672840223;18,6670941406619;14,2154284430525;12,6144774177588;9,18586288329985;3,76078306431723;1,27358492542544;3,20566738804636;1,06657880834186
"90";100;50;2;0;1;4;6,32;95,75;2,00081254665278;0,100692102542883;-0,000945359738042903;0,282611713022242;1,00326384174963;0,982805583801209;3,98664520638293;5,22614930649333;18,590312098017;14,1673825865097;12,4801066233699;9,1098605230453;3,75326243184212;1,27058865594532;3,19020537340859;1,0600915187853
"91";100;50;2;0;1;16;6,32;95,75;2,00018430377218;0,0998489102852458;-9,55716387645685e-05;0,566846281009333;1,00066371958471;0,937867431282324;15,9440286213708;20,5687457027471;18,6383774255579;14,1796308931759;12,535517378578;9,15059440208174;3,75892281937958;1,27053643632415;3,19565264498131;1,06405059363604
"92";100;50;3;0;1;0,01;6,32;95,75;2,99974156749969;0,100238131492094;8,50335530429827e-05;0,0141443244651198;0,999981036238549;1,02611114115182;0,0100353314624378;0,0132584998946785;18,5890380595354;14,163204273664;12,5277324443423;9,13855752193182;3,75352436155878;1,2711249482284;3,19612911662505;1,06259903478847
"93";100;50;3;0;1;0,0625;6,32;95,75;3,0003059593596;0,0998462588906081;1,32422400912046e-05;0,0351557704538914;1,00035446339838;0,919177837375349;0,0626372982365582;0,0796875233350226;18,5296649842753;14,1461077286919;12,5624477635088;9,1672606840306;3,74736056803859;1,27043201263442;3,19980835944703;1,06531287015443
"94";100;50;3;0;1;0,25;6,32;95,75;2,99990152410687;0,0998333776068988;8,96964999530424e-05;0,0707843369638697;1,0008213958972;1,01032749465569;0,250345022564467;0,316026958291727;18,6460457343051;14,1999679163822;12,5642103374938;9,15137707740055;3,75867670698213;1,27288338961249;3,19980776245852;1,06382137388869
"95";100;50;3;0;1;1;6,32;95,75;2,99997236434868;0,0999496639998049;0,000392888134066558;0,142102409487275;0,999812391559593;0,933715775407052;1,00364091181179;1,95643901368581;18,6106317496684;14,212219267199;12,5412602083491;9,12310016849007;3,75441336163467;1,27403974098739;3,19663479649657;1,06145042093469
"96";100;50;3;0;1;100;6,32;95,75;2,99997700710868;0,100328302334383;0,000212178129617951;1,41229885564837;1,00033040737156;0,975464613253776;100,480401360383;129,157924531177;18,5691916609605;14,1444944972803;12,584582686636;9,18351225683917;3,75220893621159;1,26884615438358;3,20207683912974;1,06614710878
"97";100;50;3;0;1;4;6,32;95,75;2,99985975833666;0,0997535146681459;-0,000629820567865219;0,281165862975433;0,997501601341808;0,909947170855178;3,98668108673353;5,14899345985166;18,6107878123187;14,1566912219202;12,541234705118;9,13630379161108;3,75457770482771;1,27029085248076;3,19769247690164;1,06222494971991
"98";100;50;3;0;1;16;6,32;95,75;2,99958211439341;0,099788779480398;0,00100365559990545;0,564832316398478;1,00007095857859;1,03385126692607;16,0297706571023;20,4002139109488;18,6443244159874;14,2058638515686;12,571434284061;9,18193258639521;3,75814129743037;1,27339401963137;3,20079509921841;1,06642620158241
"99";100;50;4;0;1;0,01;6,32;95,75;4,00055256251203;0,100065316200219;-9,28971432710847e-05;0,0141109342982818;1,0056592953334;0,977911951123254;0,00994301306491836;0,0149480836535367;18,7055229082333;14,2466963473837;12,4909912444552;9,12034113161027;3,76479967929017;1,27521616571885;3,19124610069121;1,06181852451447
"100";100;50;4;0;1;0,0625;6,32;95,75;4,00001520486286;0,0996981227945738;5,72956169098316e-05;0,0352663537883783;0,995896260436558;0,920110897840484;0,0621957231442432;0,0753861325452752;18,5505268628311;14,0831700384655;12,4897044998262;9,09832336029534;3,75018863678704;1,26493301781134;3,19175800612707;1,05879843759938
"101";100;50;4;0;1;0,25;6,32;95,75;4,00020902725194;0,100098259986484;0,000205876726113724;0,0702478472214901;1,00137389060481;0,913009009496452;0,250874923930067;0,306108234512752;18,6707103306195;14,3035702438655;12,563198926474;9,20321961690742;3,75941426739546;1,28084415623311;3,19896875902234;1,06956923388068
"102";100;50;4;0;1;1;6,32;95,75;4,00037721519851;0,0999359582815733;7,1814065987051e-05;0,141715923767577;0,999602352132547;0,912935227292802;1,00217648233276;1,29823570643703;18,6205859095222;14,1824568030746;12,581348268516;9,16714433540109;3,7561268867911;1,27251394246019;3,20174289009802;1,06498597956876
"103";100;50;4;0;1;100;6,32;95,75;3,99971468274417;0,0999558334487813;0,00423877275127583;1,42029027353751;1,0005215005545;0,993960568440355;100,202401202496;126,503753586137;18,643614588637;14,1748233860168;12,5561006097784;9,16360282747795;3,75876573025306;1,27064660481263;3,19882259807309;1,06413645922861
"104";100;50;4;0;1;4;6,32;95,75;4,00021003299124;0,100005219205334;0,00052960985950619;0,283550252635436;1,00462028000862;1,06799555499937;3,99956773539956;4,98410395647842;18,6217018176306;14,2183811894571;12,529301145237;9,15507239745154;3,7561003783095;1,27533319004621;3,1950567921753;1,06524438796252
"105";100;50;4;0;1;16;6,32;95,75;4,00004910490598;0,1002685933435;0,00148156926218443;0,565156165605076;1,00170842212519;1,10384564795166;16,0912800056341;20,6801054238666;18,6159640846296;14,1411565203562;12,5675672299076;9,19119164680172;3,75636902760639;1,26931467275576;3,19989451224438;1,06786579044497
"106";20;100;0;0;1;0,01;6,32;95,75;-0,000686876847374004;0,222927705822549;-2,15678341021018e-05;0,00999465863092045;0,993511588855284;1,82464841760048;0,00996477048731779;0,00921980566230641;6,74679748470928;5,11285213551156;18,5382705009318;14,1467538033961;2,46447306948513;0,838001093743479;3,74858237026687;1,26863279632423
"107";20;100;0;0;1;0,0625;6,32;95,75;-0,000511129685270431;0,222883737703853;8,60039477788603e-07;0,0249871101949404;0,99565918324034;1,8745195197604;0,062467563232254;0,0597808266264749;6,76232976339119;5,12251125706175;18,6381891050226;14,2091303192304;2,46645425949118;0,839724618358559;3,75677049722485;1,27345317972921
"108";20;100;0;0;1;0,25;6,32;95,75;-0,0007858490118276;0,222266564162551;2,64049253793175e-05;0,049931532425449;0,993163459220177;1,77595737213963;0,249985793900776;0,241003133216715;6,74887969359003;5,1213092729827;18,591361199739;14,1240742860085;2,46436646483536;0,839757715547535;3,75432036166882;1,26739176205153
"109";20;100;0;0;1;1;6,32;95,75;-3,03144801393672e-05;0,223600451470773;-4,61829157285357e-08;0,100029138089233;1,00037090822223;1,84360481086299;0,998878318805907;0,926493043375681;6,7860343868944;5,13135539294268;18,591988360356;14,1794241052383;2,47047136117848;0,840273981902792;3,75324594439353;1,27097881680745
"110";20;100;0;0;1;100;6,32;95,75;-0,00040678797859906;0,223251561472574;-0,00487542771080361;0,997936399733213;0,992891995472942;1,94983153057348;99,6723322781175;91,1899862461906;6,75917203040924;5,10865538807901;18,5891935840016;14,2062156224246;2,46665268481857;0,837607868281255;3,75202664163592;1,27371256294559
"111";20;100;0;0;1;4;6,32;95,75;0,00028529157011157;0,224996768616817;8,97503499848174e-05;0,20005021375281;1,01034118788649;2,12640137543004;3,99330532407411;3,81200004282289;6,7782830338406;5,13751533112129;18,6023071437777;14,1317466190692;2,46862061377482;0,842253213237589;3,75419302078778;1,26746696926083
"112";20;100;0;0;1;16;6,32;95,75;-1,68752192982637e-05;0,223424471554587;0,00223517252166177;0,400634045526505;0,998701074945248;1,84290334351542;16,055549902291;15,4805085997206;6,76439524601966;5,12383190886266;18,6619092078799;14,1904963756435;2,46698438980849;0,839722973643421;3,75987128227344;1,27247036753493
"113";20;100;1;0;1;0,01;6,32;95,75;0,999757931062849;0,222632396872723;-1,1613322681768e-06;0,00998689813211521;0,991756128398268;1,7559457865215;0,00996677608092445;0,00935474940258032;6,75837085602209;5,12975204050503;18,6068773888445;14,141101966863;2,46533717351587;0,840892307632566;3,75524105106581;1,26855233073587
"114";20;100;1;0;1;0,0625;6,32;95,75;1,00097482081526;0,224605512113217;3,07691771617467e-05;0,0250562600816377;1,00922145386975;1,91174725581153;0,0628143198891209;0,0595357639607887;6,80829654299964;5,14308303373767;18,6597122288577;14,2177402250681;2,47365187515998;0,842481590557313;3,76054098518138;1,27428415712193
"115";20;100;1;0;1;0,25;6,32;95,75;0,999594835967887;0,22245412242717;0,000281365387967977;0,050234499047244;0,991878443906873;1,84293048065225;0,250117819545275;0,227500434093204;6,76576866575249;5,12620350398746;18,5517942557037;14,1252555100994;2,46689817996848;0,840457923014177;3,75030978738523;1,26738049315267
"116";20;100;1;0;1;1;6,32;95,75;1,00173983267809;0,225834821543157;0,000553746822464221;0,100160795604358;1,0151719669582;1,88912350474276;1,00126790605305;0,906462606762183;6,78541978495755;5,14524083117601;18,6236203959344;14,2045324535635;2,47006384353398;0,843433899381029;3,75654633665811;1,27293045690181
"117";20;100;1;0;1;100;6,32;95,75;1,0004835575328;0,223786131289149;0,0032861948673731;1,00244881589127;1,00363864129309;1,86173907967047;100,361348336487;97,7164563458932;6,78711153982356;5,14365778630907;18,6532006341095;14,1586400209667;2,47083085536823;0,842042267057676;3,75942806380379;1,2702218882181
"118";20;100;1;0;1;4;6,32;95,75;0,999457215451884;0,22283529969487;0,000382775844705375;0,200105992777184;0,997854040462134;1,88481171530839;4,00254209019882;4,19264425977553;6,77760622918326;5,13040861181128;18,523747114561;14,0736681876357;2,46916824886903;0,84024871178957;3,74807535836406;1,26487995147437
"119";20;100;1;0;1;16;6,32;95,75;1,0005481561027;0,223623061063864;-0,000273731615937256;0,401631979063822;1,00406627329739;1,90682672414379;15,9739728018042;14,5972331322842;6,79875705977017;5,12148739357804;18,6215816292235;14,1688025903098;2,47273082580156;0,83953822694846;3,75616316434543;1,27119207571896
"120";20;100;2;0;1;0,01;6,32;95,75;1,99872097817046;0,223414255557897;-5,73837056877659e-05;0,00998360467934648;0,997746041870358;1,98226222334205;0,0099470083291972;0,00900542745440477;6,77157159194117;5,11795516548731;18,5510665428668;14,1933965682684;2,468668428698;0,83872182888724;3,74885603475226;1,27319079340861
"121";20;100;2;0;1;0,0625;6,32;95,75;1,99935719232456;0,222805801213078;-5,38065850235925e-05;0,0249899106602709;0,991400679478373;2,00307358693719;0,0624736229873984;0,0670538489748626;6,72324912511001;5,12077078780495;18,6383318758483;14,1891854425252;2,45921017264929;0,840655113419636;3,75740366186227;1,27304799421583
"122";20;100;2;0;1;0,25;6,32;95,75;2,00058233144879;0,224622495168378;0,000178431247340501;0,0500628317252068;1,00116662588614;1,87138380741042;0,250405738348166;0,231342593583003;6,77268555392701;5,12063694127888;18,6634521898602;14,212464958884;2,46876508345393;0,838318451625119;3,76004897521062;1,2743091538482
"123";20;100;2;0;1;1;6,32;95,75;2,0010201277522;0,223744980933687;0,000446922476208272;0,100409213095801;1,00156453025827;1,8225308459742;1,00839270482259;1,02369724593567;6,7693274449405;5,12151285667203;18,6542532576013;14,2280757003524;2,46773431117988;0,839760345661536;3,75915437656414;1,27525862778763
"124";20;100;2;0;1;100;6,32;95,75;1,99923278885761;0,222031309707658;-0,00105894790629259;0,999757828903427;0,992126319836984;1,74998452273423;99,6494955663677;93,3897298125551;6,79377076567985;5,13221451900057;18,5632638562459;14,1029723482189;2,47116950442636;0,841542873629998;3,75122289079067;1,26559524310065
"125";20;100;2;0;1;4;6,32;95,75;2,00089567569436;0,223555698299832;3,3324133771897e-05;0,200084559653606;0,999445396311995;1,78043316120071;3,98932319455624;3,6504329406234;6,76623918996831;5,11361332140586;18,5771332473672;14,1193735694235;2,46849682026588;0,836794837615031;3,75248779383122;1,26840288963225
"126";20;100;2;0;1;16;6,32;95,75;2,00069391671204;0,225516932711521;5,16925612537415e-06;0,402185239818881;1,00405054778541;1,88497519531971;16,0252461887547;17,0422405896253;6,75261222501287;5,12334730877866;18,6024734909397;14,172506635402;2,46455340356828;0,840241925442496;3,75420218386884;1,27151720427768
"127";20;100;3;0;1;0,01;6,32;95,75;2,99997419846707;0,223460815907822;3,35122465281973e-05;0,0100586054717791;0,993340091147691;1,85477603632568;0,0100693295009436;0,00999305007130281;6,75821242055211;5,1361377957357;18,6827867017107;14,2036422639431;2,46504600568478;0,841670623279737;3,76219578130959;1,27355077662719
"128";20;100;3;0;1;0,0625;6,32;95,75;2,99968822885946;0,224190873588709;-4,07243208458084e-06;0,0250054790525457;1,00348066030387;1,8736399397066;0,0625566934232575;0,0591084158407532;6,79030454177518;5,13887361065657;18,6353930365713;14,1755180521857;2,471476612694;0,840973077889633;3,75837256088282;1,27041503298961
"129";20;100;3;0;1;0,25;6,32;95,75;2,9987491275434;0,223632334259984;-0,00019852964076794;0,0500896515806352;1,00275105080299;1,95827821792574;0,25100688027151;0,271998895316329;6,75971765213521;5,11411014907832;18,6618549197397;14,2666502193554;2,46672389244032;0,83806170757295;3,75913848199632;1,27730347446744
"130";20;100;3;0;1;1;6,32;95,75;2,99996636914396;0,22390776825717;0,000298637342303396;0,099877850747791;1,00357090447626;1,98177061116635;1,00196236808445;0,929362814222632;6,79237645659282;5,13711638660513;18,6138525508371;14,1848195053595;2,47116789822235;0,841260459828105;3,75533829683207;1,27238224326629
"131";20;100;3;0;1;100;6,32;95,75;2,99932024656752;0,223414337768513;0,00334754650189074;1,00073919042119;0,991457644242173;1,81736397460374;100,005024267026;88,935957635685;6,76849574133405;5,12881554775406;18,6401810821822;14,1699734009202;2,46707172173812;0,8401921868855;3,75849560402371;1,27023940475488
"132";20;100;3;0;1;4;6,32;95,75;3,00013436037828;0,223109560947934;9,81049174989689e-05;0,19997034894708;1,00080271328585;1,82526276838995;3,98705989156638;3,70069316966544;6,77743460670054;5,12697791726758;18,5231935934148;14,1124451146842;2,46930574287349;0,83979712440797;3,74677974055341;1,26643620324607
"133";20;100;3;0;1;16;6,32;95,75;3,00115548187544;0,224494061283633;0,000444511878433026;0,399898636397726;1,00665686218466;1,83944162132382;15,9981203154117;14,6354808912191;6,78868606613319;5,13757039345132;18,6145802613293;14,1881144808616;2,47046313855692;0,84189825402378;3,75523184089035;1,27213856305026
"134";20;100;4;0;1;0,01;6,32;95,75;3,99899007560011;0,222104589718758;-2,01703809151202e-05;0,0100155004318768;0,994139225428651;1,76587927486027;0,00998614710532045;0,00965144798196452;6,78868597471756;5,14255663461704;18,5695830558532;14,1191368092946;2,47079020628143;0,842285774476677;3,75216150523186;1,26665910471659
"135";20;100;4;0;1;0,0625;6,32;95,75;4,0007676082413;0,224603128293875;-0,000127916837403604;0,0248749545210508;1,00543728704679;2,1661652121389;0,0622540838463464;0,0595003288861448;6,77619982862339;5,12758291420589;18,5603578759881;14,1410430422126;2,46917443661987;0,839386957548982;3,75061078043049;1,26894763871956
"136";20;100;4;0;1;0,25;6,32;95,75;4,00075118603073;0,223611820458933;8,66491291628983e-05;0,0499911808666508;1,0001970901654;1,94615250507237;0,249925652283226;0,223905803882607;6,79032055220073;5,13875602745609;18,6511480838277;14,1908841171854;2,47078404044616;0,842091115311891;3,75896537596974;1,27302837284293
"137";20;100;4;0;1;1;6,32;95,75;4,00036665363195;0,223391264418848;-0,000108635347424365;0,0998361602686854;0,998623234506706;1,8375140841744;0,999068911990123;0,923573575653496;6,77702680816685;5,12793820877974;18,6506561702052;14,2140297078575;2,46905660390906;0,839463027959946;3,75816725495122;1,27463952288899
"138";20;100;4;0;1;100;6,32;95,75;4,00005603118039;0,223097890777623;-0,000223490464993519;1,00326851148209;0,994065241776948;1,81919559126071;99,8470112861254;90,9417515005232;6,77419227663138;5,13916175062008;18,6103975826539;14,2062325570494;2,46775403853843;0,841907602276895;3,75440400605092;1,27430537852507
"139";20;100;4;0;1;4;6,32;95,75;3,99980098690072;0,222827316340616;0,000209627822793191;0,200767880187347;0,998412869746636;1,83264553463068;4,00328751292053;3,72373387385726;6,78622000170164;5,13592531041178;18,5804533172526;14,1891965805822;2,47065687625027;0,840766406417948;3,75201849801677;1,27210657329818
"140";20;100;4;0;1;16;6,32;95,75;4,00107562208686;0,224637976767285;1,55699748906321e-05;0,398793050679449;1,00742055367962;1,8574571428295;15,9595394415338;15,1799404090544;6,76641847228987;5,1387462019123;18,6087982305785;14,1484996187935;2,46714279485942;0,841867509739358;3,7551101612182;1,26918407405393
"141";20;20;0;0;1;0,01;6,32;95,75;-0,000207540637771149;0,224644519176266;1,95300975630489e-05;0,0224001191344662;1,00127652026415;1,97835827745584;0,0100159548579643;0,0217732576452652;6,74062390937743;5,11719312694122;6,76574639531282;5,11960614494358;2,46373286202964;0,838437023441332;2,4674112714249;0,838357221505761
"142";20;20;0;0;1;0,0625;6,32;95,75;-0,00120935229123584;0,222507763655258;-0,000154193723697159;0,0557026848685356;0,988819742183898;1,78125074156179;0,0618911344828163;0,116072669535727;6,76083811427;5,1155856729171;6,74100244911041;5,09838767018608;2,46632734351129;0,83854628625702;2,46395681062212;0,836047892368262
"143";20;20;0;0;1;0,25;6,32;95,75;-0,000356752449511807;0,223491409156788;-0,000133881503311788;0,111866711920539;0,998785636789943;1,82040572134107;0,250451869937925;0,498012179413583;6,7925551701529;5,14925766312956;6,77668513709435;5,14185613952865;2,47079773177524;0,843147243316907;2,46812283925627;0,842908562560877
"144";20;20;0;0;1;1;6,32;95,75;0,000434560607911219;0,224118092934661;-0,00108822224390422;0,223011630109845;1,00261016721936;1,87097563075997;0,993745351957387;1,84465890663104;6,76170182475637;5,1316312920303;6,76175020507497;5,11613157463392;2,46594153489595;0,841426868180952;2,46667829536252;0,838051364964052
"145";20;20;0;0;1;100;6,32;95,75;0,000457378879121457;0,22553626695483;-0,00700479282421428;2,228285489509;1,01717263965623;3,11001859657589;99,3570333616609;175,54566876459;6,78903773382635;5,1366152022446;6,75152873979436;5,12000594201285;2,47105760451816;0,84103980425885;2,46524747836855;0,838996419142031
"146";20;20;0;0;1;4;6,32;95,75;0,000266542146749897;0,223607586837814;0,000206452236598461;0,447354383308486;1,00379682000519;1,87707778680847;4,00344054861277;7,31855088754494;6,77337185257089;5,12500110508312;6,77142852845207;5,13482335892993;2,46835946103457;0,839878530870998;2,46806963738808;0,84155197880988
"147";20;20;0;0;1;16;6,32;95,75;0,000261410755161761;0,224582389406807;-0,00295498976124768;0,898835060170339;1,00127471252768;1,97007817062038;16,0678781515492;32,168947973562;6,7601037692027;5,11785728696005;6,77510933063899;5,13472073942716;2,46634071925296;0,839220716613248;2,4685631879173;0,841438803488732
"148";20;20;1;0;1;0,01;6,32;95,75;1,00105180381312;0,224561218908983;6,63018183535443e-05;0,0223898770500048;1,01046077416321;2,0221982440916;0,010054647799962;0,0180070054924986;6,80826340018613;5,14583454446302;6,79098215116142;5,1394654680089;2,4741437669821;0,842496794715303;2,47112335402344;0,842137544959776
"149";20;20;1;0;1;0,0625;6,32;95,75;0,998862734185935;0,222366735794529;-0,000330315283229217;0,0558308959068325;0,981774777925086;1,6625485113549;0,0622261959682496;0,114198588763677;6,72258683641684;5,10760529287187;6,76917261117993;5,11795567401714;2,46054389323853;0,837858822876859;2,46840200110869;0,838539915785039
"150";20;20;1;0;1;0,25;6,32;95,75;0,999351627452994;0,222690275550936;0,000120541227255258;0,111825032919788;0,998787900819221;1,87856226898887;0,249573041979887;0,469068764499744;6,74554481429455;5,1227485748125;6,76575829557723;5,12002573472999;2,46363764404689;0,839613759839941;2,46738429702207;0,838527476059581
"151";20;20;1;0;1;1;6,32;95,75;0,999927447864901;0,223711118697493;-0,00028113830433952;0,223621579399977;1,00801145351901;1,89794360883249;0,995452747609825;1,83343522770411;6,82839684225079;5,14358335430041;6,77783656141343;5,12583580068104;2,47696171903436;0,842090447712673;2,46977244200077;0,839570135644438
"152";20;20;1;0;1;100;6,32;95,75;1,00072121233346;0,225281374340454;0,0033903292395246;2,25000077857962;1,00569572403017;1,88776445946657;100,627698320017;202,754627914505;6,74175563051353;5,11642226929654;6,78660673568643;5,14025059193902;2,46375533315054;0,838917070880813;2,47027193274438;0,841701606516325
"153";20;20;1;0;1;4;6,32;95,75;0,999500128546174;0,224534245012314;-0,00260432331394781;0,446883758536201;1,00418716121954;2,05628073662612;3,9879749500155;7,46505879181084;6,78988303811412;5,13319560588771;6,77664201557858;5,12599206498933;2,47043526403261;0,841829020115013;2,46907186540755;0,840329955836257
"154";20;20;1;0;1;16;6,32;95,75;1,00059772786706;0,224236486683483;0,000191709819670907;0,894080677180524;1,00185423817116;1,88923935775032;15,9261652478365;29,1804053637154;6,76237343950924;5,12333419386444;6,75514619434109;5,12142889164828;2,4667248025009;0,839220814238606;2,46514856138066;0,83956849821716
"155";20;20;2;0;1;0,01;6,32;95,75;1,99996588465742;0,22391885415976;-0,000111289188882821;0,022368483710867;1,01189461940904;3,16690922567763;0,00992910588974215;0,0183560999264916;6,78033354239339;5,14895926017116;6,75544598677657;5,11085496144237;2,46918539632229;0,844193287872166;2,46563706885088;0,837873798678912
"156";20;20;2;0;1;0,0625;6,32;95,75;2,00053286482216;0,223922754692379;0,000121383588493402;0,0562544659705665;1,00149316884289;2,04196837966878;0,0631318134586128;0,131620333781445;6,78035107361959;5,12479738078456;6,7994174478526;5,13290681601378;2,4693148201198;0,839736278365532;2,47247284345763;0,840014264998666
"157";20;20;2;0;1;0,25;6,32;95,75;1,99945334233968;0,223488390128636;8,38673700476142e-06;0,111638537696863;0,994989169241451;1,81322994509243;0,24892959321666;0,440753750009329;6,77575562260158;5,13369399636889;6,74542787005392;5,11768348768397;2,46895458564995;0,840509150137683;2,46485162989113;0,838669329686473
"158";20;20;2;0;1;1;6,32;95,75;1,99994636104165;0,222818725126022;-0,000901899046218067;0,223082369140948;0,99460849192046;1,85221107128257;0,993242485585921;1,8136544093394;6,77875307695472;5,12376823939254;6,7666834997568;5,11709649488012;2,46925739047975;0,839622814648961;2,46725507707272;0,839172372511608
"159";20;20;2;0;1;100;6,32;95,75;1,99882174700611;0,223120181503515;-0,0160546997965879;2,21990150966426;0,993806564592705;2,05620893204809;98,9255854703468;179,968811072642;6,75606322012809;5,12122199891864;6,73300134554078;5,11013112972841;2,46585014842486;0,83988848316922;2,46133762923672;0,838212682653686
"160";20;20;2;0;1;4;6,32;95,75;1,99985428438662;0,223630664562496;0,00289518072524952;0,451924430794176;0,995969244210229;1,79647980036868;4,07165820259214;7,77935345521307;6,762083726063;5,12726431826563;6,77432956428354;5,13525318297774;2,46595161827839;0,840666170126235;2,46825759854803;0,841543554398618
"161";20;20;2;0;1;16;6,32;95,75;2,00086269757592;0,225600613864535;-0,000433538270294469;0,89520484300135;1,00966733516513;2,19167009521366;15,9722072744112;30,8253349125468;6,77148495834422;5,13341885101776;6,75552218931771;5,11887949300082;2,46816795100741;0,841316770640762;2,46526855602837;0,839531001358779
"162";20;20;3;0;1;0,01;6,32;95,75;3,00019703604947;0,223578267900482;-4,75585144093709e-06;0,0224031803852612;0,999469001774166;1,78462574513452;0,0100301806296583;0,0191806042870689;6,76422700692429;5,1349629322917;6,78416374640639;5,13946835598552;2,46661249096331;0,841647787202554;2,46965754661338;0,842183681417132
"163";20;20;3;0;1;0,0625;6,32;95,75;3,00083508796946;0,224124292838356;-2,43307987277074e-06;0,0561168470578057;1,01097628847098;1,94207757812463;0,0628459195177173;0,147706728459793;6,79821248593988;5,14109005544056;6,76897806209188;5,12777875343884;2,47255119051012;0,841867446265877;2,4677967818997;0,839697809918111
"164";20;20;3;0;1;0,25;6,32;95,75;3,00094261982945;0,22527249302229;0,000726603654576209;0,112407576170871;1,01088154928994;2,04522719524114;0,251692523685045;0,483926367831234;6,76554550115967;5,13885740168162;6,78079111971303;5,13154389468942;2,46612265409629;0,842540460859955;2,46935033070602;0,841119925110857
"165";20;20;3;0;1;1;6,32;95,75;3,00085649674088;0,224162668254226;-0,00193954877197461;0,222134228125597;1,00366675737494;1,89521695704587;0,987658053646578;1,88350612663285;6,76971893384476;5,12319834565537;6,74927573281822;5,12878273211202;2,46781931247757;0,839586104085607;2,46398182559885;0,841068451610478
"166";20;20;3;0;1;100;6,32;95,75;2,99961056596586;0,222918275699389;0,00922052387285891;2,23290256958135;1,00007620299168;1,93606588049747;100,039077176005;174,576994426521;6,78265139437093;5,13344920145856;6,7791477590631;5,13435286227634;2,46960327018521;0,841823319203081;2,4689282628949;0,841336848974615
"167";20;20;3;0;1;4;6,32;95,75;3,00018817756805;0,224119159954806;0,00052121422184207;0,447177125087978;1,01085069884484;2,05991999889268;4,00970188381087;7,53532241339448;6,79732792122463;5,14228144309751;6,78093385531128;5,13781382549511;2,47220556964045;0,842609712243392;2,4691954903289;0,841842079042792
"168";20;20;3;0;1;16;6,32;95,75;3,00020422110747;0,222453776941064;0,00382309516462033;0,894970702029267;0,996111710801563;1,79422941352637;15,9742937861764;29,3863502268973;6,77455297133765;5,13400347283502;6,75285653864464;5,12324745919712;2,46833111677742;0,84106387096263;2,46492274640936;0,840304607549529
"169";20;20;4;0;1;0,01;6,32;95,75;4,00117830006939;0,225166792860823;-6,2365529538685e-05;0,0223809417888799;1,00824854396809;1,97105705170221;0,0100020281952997;0,018575605712182;6,76457123916888;5,12723262016536;6,76161071510983;5,1299108264674;2,46700541331779;0,840477830171394;2,46669123386793;0,840239558674656
"170";20;20;4;0;1;0,0625;6,32;95,75;4,00011079565974;0,223217820464057;-7,90565580426309e-05;0,0556934204026908;0,996023348996251;1,78817535213067;0,0620644046085942;0,111300906875746;6,77490529763893;5,11914998725918;6,76334439278044;5,14076740626258;2,4684766915112;0,839372267320464;2,46698423358464;0,841854132729422
"171";20;20;4;0;1;0,25;6,32;95,75;4,00067969842294;0,224207089137796;0,000431021307802262;0,112539765737084;0,998680651265989;1,949978254244;0,250782670301555;0,519617779362462;6,73829682705314;5,11924510723303;6,76865960884286;5,1265153027614;2,46187236609536;0,840353669272203;2,46760820176902;0,840288965922315
"172";20;20;4;0;1;1;6,32;95,75;4,00104191180945;0,226036591500954;-0,000100845239975806;0,224352303775107;1,0143321535198;1,98434666844329;1,00610274732604;2,00838432952564;6,78216266561495;5,1275246331178;6,79730272517651;5,13714773888884;2,46975376115288;0,840333652568456;2,47266819167505;0,840927049029255
"173";20;20;4;0;1;100;6,32;95,75;3,99929059728576;0,223397138884388;0,0093513563164341;2,24964765920598;0,995796699473329;1,84726753330633;100,89104267099;201,405829114481;6,77343931267349;5,13349673711116;6,79190371268887;5,12535865877861;2,46838656232914;0,840598484903478;2,47119302015695;0,839533153141483
"174";20;20;4;0;1;4;6,32;95,75;4,0009698068664;0,224568516875478;6,66247215073105e-05;0,44687213721081;1,0128343393654;1,95953836484789;4,01865337457875;7,9950971436413;6,78974459487585;5,14319529432478;6,77072861048009;5,13850751169594;2,47074265788431;0,84218084466626;2,46803361491984;0,841410461667136
"175";20;20;4;0;1;16;6,32;95,75;4,00141154649914;0,224437285356633;0,0022837341020243;0,895994417125191;1,01023137123219;1,86072880660706;16,0431148960574;31,6399322313499;6,79454414331959;5,13279776295958;6,76695748150847;5,13268834581057;2,47222106142013;0,840118257137864;2,4668288697266;0,841204118915118
"176";20;50;0;0;1;0,01;6,32;95,75;-0,000227700900935419;0,223007762560339;-4,84502874399684e-06;0,0141444941310052;0,994575979098658;1,84549572629701;0,00995253281251038;0,0121418454424246;6,75792805254765;5,11203047456715;12,5117597468966;9,16923634580589;2,46582036844967;0,838160694902584;3,19286284560149;1,06630651289682
"177";20;50;0;0;1;0,0625;6,32;95,75;0,000607030967853252;0,224559460260219;0,000176171158172411;0,0354047091087606;1,00807251393944;2,00664063693959;0,0630329640192603;0,0922388070614143;6,78296391736916;5,13199879046081;12,5829270999186;9,18285528103437;2,46995537154257;0,840667348323747;3,20155096505387;1,06681510248839
"178";20;50;0;0;1;0,25;6,32;95,75;0,000184315211601936;0,224036858403577;-7,3118150470388e-05;0,0706218041884229;0,999933068133564;1,82912732753635;0,250210100297007;0,311723220759582;6,78648561327778;5,1322446197255;12,5908280850454;9,18659215037099;2,46946824939668;0,841003000419129;3,20241864720498;1,06686555836626
"179";20;50;0;0;1;1;6,32;95,75;-0,00112152408318077;0,222802690784537;4,59173763421931e-05;0,141335513862177;0,992680404439625;1,87372119721586;0,998103261386494;1,25838518422585;6,77881003190713;5,12268097146073;12,4875123679139;9,10978956562813;2,46929769732307;0,839245051381311;3,1911484998532;1,06061463784025
"180";20;50;0;0;1;100;6,32;95,75;-0,000711725476574075;0,223706118269123;-0,00209163447499499;1,41750848826829;1,00280626063094;2,00866764867355;99,9468766356291;122,47901862597;6,75833461098103;5,12284549530592;12,5164221867378;9,12758455801672;2,46668571170346;0,838853940036877;3,19490856588547;1,06229058920056
"181";20;50;0;0;1;4;6,32;95,75;0,000865076229483951;0,223455646883042;0,000537540566980835;0,283013077946213;1,00086640373991;1,79111231910776;4,01900743162974;5,25158524530972;6,79405968708413;5,13626449855951;12,5157773634223;9,14734220615889;2,47072840206291;0,842258261684998;3,19397398981751;1,06445285999299
"182";20;50;0;0;1;16;6,32;95,75;0,000291190053843765;0,22463020446997;-0,000945901196217791;0,563270428050804;1,0072004013857;1,96878955972725;15,8769938680836;19,8780676371173;6,76464186287709;5,1394404333839;12,5040598673873;9,10751877417288;2,46645235529363;0,842597800386659;3,1929365643646;1,06001420816218
"183";20;50;1;0;1;0,01;6,32;95,75;0,999316609463538;0,223771591965718;-7,4250075581453e-06;0,0141252593689896;0,99903652871717;1,83179631872065;0,0100373709614063;0,0128889681721626;6,77223542858709;5,12758317122888;12,5854229719594;9,19693113478385;2,46867466490559;0,840224932583095;3,20176689901788;1,06826327037794
"184";20;50;1;0;1;0,0625;6,32;95,75;1,00095309460525;0,224745117175142;6,3200730015436e-05;0,0352594943498027;1,00739162418743;1,94125102968961;0,0627750614008716;0,0799213162920446;6,78158532832644;5,13484867386873;12,5530057197805;9,1780987234954;2,46940862484013;0,84133376081563;3,19863417357411;1,0669360146166
"185";20;50;1;0;1;0,25;6,32;95,75;1,00090887544028;0,223894015091816;-7,04530133367559e-05;0,0706146504921611;1,00789128182403;2,06501541251738;0,249661965981989;0,458938723795622;6,79121899382803;5,12304956099277;12,5153606222101;9,12616590379736;2,47182124315458;0,838857838148984;3,19374856234991;1,06201267859413
"186";20;50;1;0;1;1;6,32;95,75;1,00023125925396;0,223888792401262;0,000285380537230531;0,141524698482485;0,999697833425068;1,8538491830666;1,00869816148666;1,31148111357758;6,75564706402518;5,12820269089663;12,6578699645344;9,24214891228229;2,4651556412589;0,840910191850528;3,21054267923765;1,07154347112297
"187";20;50;1;0;1;100;6,32;95,75;0,998766212456139;0,222472893734622;-0,00675299362700398;1,41446307425429;0,991460405717893;1,7944442891455;99,5768504192315;129,340903592553;6,75942056270623;5,12120744051973;12,5330413376887;9,1254922760509;2,46600044929606;0,839738538335352;3,19624048922572;1,06214315704887
"188";20;50;1;0;1;4;6,32;95,75;0,998983860875243;0,222540035585524;0,00118495649436794;0,283598073246763;0,993491843518081;1,81623386600002;4,01563980337886;5,27642362732382;6,7567334418734;5,11799330152554;12,5160558061587;9,11894720889089;2,46593826103985;0,838701820983803;3,19539538485479;1,06023202705873
"189";20;50;1;0;1;16;6,32;95,75;0,999876011092158;0,224400336361237;-0,00193268435394139;0,5643685807426;0,996393821112527;2,0309695966317;15,9707958813403;20,726359411866;6,7930317164629;5,13140675438469;12,5426952999441;9,15514676329943;2,47046229525576;0,841098839880976;3,19767926717074;1,0633878024485
"190";20;50;2;0;1;0,01;6,32;95,75;1,99954079156747;0,223613321872473;-4,13288134897416e-05;0,0141287105786236;1,00462415261674;1,8982252214251;0,0100296900713722;0,012664014435955;6,79687091965888;5,14581249942918;12,6173102903791;9,23594382795367;2,47174306482799;0,84325229572984;3,20534623004194;1,07146850390829
"191";20;50;2;0;1;0,0625;6,32;95,75;2,00050053261058;0,223702091555897;-0,000120016222752718;0,0353239371856305;1,00042775345992;1,81198271668963;0,0621761109633458;0,0775945823429047;6,76095405561038;5,13586243839602;12,4868461081771;9,12519820840604;2,46582206060851;0,842078840612462;3,1901591862931;1,06206231074703
"192";20;50;2;0;1;0,25;6,32;95,75;2,00080363594049;0,225529543047411;-5,86259139825322e-05;0,0703991628445775;1,00817682676597;2,05764803675512;0,248813734586436;0,305234980168611;6,75544893589706;5,11964491339898;12,5540119463271;9,13591973700798;2,46620521097483;0,838898880386792;3,19851370181861;1,06290022657747
"193";20;50;2;0;1;1;6,32;95,75;2,00029399577668;0,223999994631611;4,2847256622821e-05;0,141539205662394;1,00984669043938;1,92389439130836;0,997964444645987;1,24774279558578;6,79283446581537;5,15086737144054;12,5493022282992;9,11716824595774;2,47107961572528;0,843779293692195;3,19843367713693;1,05984728581739
"194";20;50;2;0;1;100;6,32;95,75;1,99969881584705;0,224559117808847;-0,00443332344638982;1,41918862734484;1,00504470099605;1,95942592508099;99,8364303512892;132,638947431133;6,76276262984768;5,12863071140947;12,5143875459608;9,13736790715577;2,46695365947111;0,839987137462907;3,19373708595439;1,06305270612495
"195";20;50;2;0;1;4;6,32;95,75;1,99885874123283;0,22401919380065;-6,29870074902759e-05;0,28363765326732;1,00047749814051;2,06066799730164;4,01134767431725;6,28847159971298;6,78177455852333;5,12978040395862;12,5317583033061;9,14544468589476;2,46981086350314;0,840008154214414;3,19586201419029;1,06363562459077
"196";20;50;2;0;1;16;6,32;95,75;2,00108723867778;0,224983204007571;-0,00140025277427844;0,563910313509114;1,00747663762177;1,89528629072707;15,9755326867845;20,9940909946676;6,77507262968158;5,14383027949637;12,519775803528;9,148925700551;2,46799921045033;0,842705355319469;3,19426498986782;1,06375543317141
"197";20;50;3;0;1;0,01;6,32;95,75;2,99982041961562;0,223268160859282;-4,03221601005877e-05;0,0141210791364914;1,00052649843363;1,83290446527404;0,00998503513231736;0,0126209132334362;6,77408887216187;5,14009348476576;12,574820199315;9,18491444198475;2,46816603543657;0,841881590924498;3,20060377581281;1,06659610731897
"198";20;50;3;0;1;0,0625;6,32;95,75;2,99955212317839;0,223227604050979;0,000128285650906592;0,0355070270891154;0,997302493642237;1,8558382959169;0,0626605226666568;0,0816611200479843;6,81323198980307;5,13879786406238;12,5634942014604;9,16291237607762;2,47502294250005;0,840901005776633;3,19905549637333;1,06508170294339
"199";20;50;3;0;1;0,25;6,32;95,75;2,99945265504711;0,222360221253114;-0,000179277297975465;0,0710853585813045;0,990628716540035;1,85726814333042;0,250416220246559;0,327251005022108;6,76871807015361;5,12639737323957;12,5604494668327;9,20510566213143;2,46722836889985;0,840555472058504;3,19818090868753;1,06984288413244
"200";20;50;3;0;1;1;6,32;95,75;3,00077144821718;0,222927254836346;0,000180800456471947;0,141405317507159;1,00115483500483;1,8845227697983;0,997775694595317;1,24811901350502;6,79002311175356;5,12036507323128;12,5550709973815;9,1366551925062;2,47135660238374;0,838895811642093;3,19846623022415;1,0624095191269
"201";20;50;3;0;1;100;6,32;95,75;3,00031835993645;0,224521077191079;-0,000841315791661395;1,41540863744636;0,998251620609129;1,92136277288259;99,6956726225947;124,419303814271;6,74538250734975;5,12825267973654;12,5533094106552;9,17404349615348;2,4633988311509;0,841029368696419;3,19782322127768;1,06592511294947
"202";20;50;3;0;1;4;6,32;95,75;2,99947823464761;0,222555765896319;0,00103791297994434;0,28194669776949;0,994233723165169;1,84648852688937;4,00324450320158;5,19629716547202;6,74883174375856;5,12044470069208;12,556130042392;9,19914205125844;2,46481250320037;0,838926506765528;3,19799101447517;1,06895101662905
"203";20;50;3;0;1;16;6,32;95,75;2,99945749669372;0,224390817834952;-0,00561369566555083;0,564921729646497;0,997298529965652;1,93398893837178;15,9046788690051;21,8863060318724;6,76363085694631;5,13401524516402;12,5060891109197;9,12058227863279;2,4664436110682;0,841122673048046;3,19370129288708;1,06097981009471
"204";20;50;4;0;1;0,01;6,32;95,75;4,00129516039053;0,224978561701935;0,000124130888101211;0,0141944886089398;1,00862500741688;2,02579073228169;0,0100980880469531;0,0128837145375643;6,77711402239468;5,14675630440646;12,578672579332;9,19635820318623;2,46829188310075;0,84297474099889;3,20146143501712;1,06796663378003
"205";20;50;4;0;1;0,0625;6,32;95,75;4,00050227416803;0,223711131867371;1,5296959020039e-06;0,0353753320338405;0,999555338213047;1,85730519979172;0,0625103637440298;0,0795441491919115;6,78707186678172;5,13456210266779;12,523026463166;9,15157549220148;2,47040835790296;0,841147376314939;3,19485455118898;1,0645138429753
"206";20;50;4;0;1;0,25;6,32;95,75;3,99983525078794;0,222903281060204;0,000435605616038845;0,070885214618892;0,996505126399209;1,89409291757427;0,249993174545561;0,302944220751115;6,77465291303013;5,13438663320365;12,5365314294028;9,14736896661921;2,46827268248191;0,841976891689283;3,1962420571139;1,06377089246954
"207";20;50;4;0;1;1;6,32;95,75;4,00062690537238;0,224568705331352;0,000538310976548028;0,141445038486269;1,00857234203478;2,46766843839847;1,00356951662541;1,29812406876006;6,79166878894843;5,13801841869452;12,5322492839922;9,13055185351482;2,4704611504572;0,842398046934424;3,19672164199716;1,06199934866989
"208";20;50;4;0;1;100;6,32;95,75;4,0013795525749;0,224490264740363;0,0113387197225402;1,42877819513662;1,00760997956502;2,13331071024309;101,376793969978;136,754171616524;6,76352505821286;5,11916793808574;12,6297680170431;9,20916897992936;2,46689207961315;0,839082181037197;3,20719838793205;1,06926113489079
"209";20;50;4;0;1;4;6,32;95,75;4,00026311314945;0,222939215143175;-0,000253855192342697;0,283267135063567;1,00093649456871;1,83353852978158;3,98789165728264;4,81104437294844;6,76083186194856;5,12858857588719;12,561976305809;9,17639133014812;2,46644635943531;0,840720710776315;3,19824557964944;1,06667175120413
"210";20;50;4;0;1;16;6,32;95,75;4,00126488517566;0,223890761510739;-0,00387597024941093;0,565614365152038;1,00202942244054;1,94165218066437;15,9553217675323;19,6571957640163;6,76395933554229;5,12607575078765;12,5973193323657;9,18004817651779;2,46738489451227;0,839247469645964;3,20390392715882;1,06608988154325
"211";50;100;0;0;1;0,01;6,32;95,75;0,000423086841570739;0,14196062930728;-2,31859295017725e-05;0,00998817204274276;1,00187981637649;1,2211533112477;0,0100107630030187;0,011710505319271;12,5174556320231;9,13007935708645;18,5866621639379;14,1541126092866;3,194736904661;1,06194773032607;3,75402573956504;1,26855987368576
"212";50;100;0;0;1;0,0625;6,32;95,75;-0,000272383871565999;0,141814028138486;3,5936308187391e-05;0,0250024492854921;0,999397539044012;1,26908918391346;0,062367783112945;0,0620690915970989;12,5318305607255;9,16214446615703;18,600530488126;14,1246086491241;3,1958030182322;1,06466493693648;3,75412387712275;1,26755582148738
"213";50;100;0;0;1;0,25;6,32;95,75;-0,000349496862772033;0,141394330916109;-0,000101627452147131;0,050168952879926;1,00076317556183;1,30167739693019;0,250142779082379;0,230798129460173;12,5745277368394;9,19437239366447;18,6978337958509;14,2093623265563;3,20074809612006;1,06809533869241;3,763294329852;1,27329570759939
"214";50;100;0;0;1;1;6,32;95,75;9,42171050357919e-05;0,141368349987158;-0,000512182968396656;0,099763505165914;0,999045407985968;1,3206125700849;0,995304737477492;0,946361665242342;12,4977213379031;9,12322393967681;18,6016174437706;14,1015452279108;3,19226503880012;1,06166111732957;3,75563836506576;1,2649382729908
"215";50;100;0;0;1;100;6,32;95,75;0,000168474369569329;0,141532944709847;0,00214033398532201;0,997547482617574;0,997685642852976;1,22398638221407;100,010404245481;89,9604713831285;12,5173156405576;9,12257306470475;18,6341824212596;14,217285064039;3,19477084195418;1,06165475777235;3,75748756959646;1,27391092995785
"216";50;100;0;0;1;4;6,32;95,75;-6,23924123582252e-05;0,141427571769174;-0,000622049152949497;0,199711483449197;1,00048598557018;1,24304685560086;3,98675003744915;3,65740980727047;12,5603189124791;9,19742211411086;18,6166799860197;14,0917120781041;3,19898152452255;1,06861591244332;3,75599510443806;1,26639374913494
"217";50;100;0;0;1;16;6,32;95,75;0,000130322396187823;0,141193866753588;0,000980110232107139;0,400046077045574;1,00033913776605;1,37198434253128;15,9895278395534;15,0324205212745;12,5357871598319;9,16694430658933;18,555526341411;14,1406883875273;3,19594622642119;1,06505037077204;3,75003912701376;1,26854403813991
"218";50;100;1;0;1;0,01;6,32;95,75;1,00026547743108;0,141497883582873;-3,75319104422807e-05;0,0100345171083491;0,99980485165983;1,31012285629454;0,00997393871644094;0,0088435126626139;12,5299398247702;9,1717581370927;18,6448616983544;14,2226424462404;3,19498218747118;1,0658113038009;3,75780689483062;1,27546365804935
"219";50;100;1;0;1;0,0625;6,32;95,75;1,00013136463571;0,141469574952586;1,97799041475127e-05;0,0249342757287275;0,999163660154401;1,29385626836388;0,0622505347394401;0,0549161736887763;12,5305685490065;9,12178269964208;18,5983096610718;14,1085948642902;3,19576668163151;1,06088164978389;3,75463687529492;1,26749629676257
"220";50;100;1;0;1;0,25;6,32;95,75;0,999962087878019;0,141409235243996;-9,28082983158692e-05;0,0500418436791639;1,00045895251696;1,25707433341759;0,249941759847964;0,228769034009956;12,5623464350777;9,13273076433874;18,606784631352;14,1708109184674;3,20055080901091;1,06152927816332;3,75550072173411;1,27178134422365
"221";50;100;1;0;1;1;6,32;95,75;1,00028826527699;0,141342232402069;0,000324110764503657;0,100002170190367;1,00066931784115;1,31727340384198;1,0001788461184;0,919398788919888;12,5418884326636;9,1809632136717;18,6186996561126;14,1450832508276;3,19691314398005;1,06739658086737;3,75605969938527;1,26990963257695
"222";50;100;1;0;1;100;6,32;95,75;1,00042846073257;0,141261157831968;0,00324813636112994;1,00573929591955;1,00415705098641;1,49819959784982;100,587980685665;115,662056005793;12,5780854804775;9,18329046794949;18,624037999568;14,1993047778503;3,20058439811862;1,06737388411904;3,75607660408258;1,27403235445751
"223";50;100;1;0;1;4;6,32;95,75;1,00041289161941;0,14247049181899;-0,000524587901289683;0,199965017298892;1,00650377630629;1,30643521996584;3,99094928515796;3,65463881777889;12,5507148244778;9,16531079879959;18,6734706695796;14,2019312538362;3,19803351690733;1,06448237859132;3,76109649777811;1,27219379735442
"224";50;100;1;0;1;16;6,32;95,75;0,999620852483079;0,141705823620755;-0,00185360308550062;0,399194350142067;1,00295673910705;1,623428640834;15,9426210052919;15,3282726221566;12,5679853181901;9,16926048712149;18,565755434201;14,1556538545045;3,2000738135434;1,06546897844612;3,7506014179701;1,27027287658636
"225";50;100;2;0;1;0,01;6,32;95,75;2,00062133895765;0,141596159451314;2,81962079967434e-05;0,0100213274584904;1,00462923364736;1,26628592346697;0,0100648964856951;0,0109334924920404;12,5662625110908;9,20349231862179;18,6914322716592;14,2474853400637;3,19909260340775;1,06883352699921;3,76269322088278;1,27589705916978
"226";50;100;2;0;1;0,0625;6,32;95,75;1,99992020962415;0,141507415419314;7,86982535318849e-05;0,0250912315895508;1,00036198745766;1,23088478147301;0,062761986829552;0,0604314715257864;12,5223960452618;9,14609508779356;18,661705592002;14,2749886208223;3,19549640505842;1,06302448752169;3,75879676841347;1,27912760631065
"227";50;100;2;0;1;0,25;6,32;95,75;1,99979510921423;0,141352860988937;0,000146158346733061;0,0501032685538765;0,999290194810593;1,29139834290281;0,250485592154401;0,2302665168214;12,5448885695389;9,16080363594327;18,6532203610493;14,2147674167274;3,19722900388721;1,064982060504;3,75941280369687;1,27325764125417
"228";50;100;2;0;1;1;6,32;95,75;2,00049144468267;0,141926521709668;-0,000267071771840758;0,0999550442030416;1,00689438764173;1,29028081331884;0,995531670024292;0,874940598173438;12,5766500755617;9,18593524209826;18,6131024750791;14,1681135898469;3,20136170424648;1,06783059333377;3,75509325353016;1,27095067509415
"229";50;100;2;0;1;100;6,32;95,75;1,99961007376517;0,141237141387297;0,0048701519832792;1,00212375142876;1,00128843482812;1,28780017239483;100,273544382065;92,1995475757797;12,5649012003965;9,17632829237452;18,6762678099626;14,1793929180131;3,19957327933137;1,06705364400024;3,76215684265455;1,27092013488965
"230";50;100;2;0;1;4;6,32;95,75;2,00036263141024;0,142122230834096;0,000361312469855125;0,199354935899198;1,0021329826837;1,23661147487314;4,00220477758447;3,94389783536059;12,5525410045621;9,13490456885689;18,6528404117026;14,1943564067779;3,19874959379093;1,06280273852185;3,75900572835423;1,27262340954523
"231";50;100;2;0;1;16;6,32;95,75;1,9998563112966;0,141143959068564;9,01182497039101e-05;0,398882614747393;1,00064293247391;1,29166609815459;15,9543142800843;14,794692516646;12,5497864632937;9,16757124762077;18,6385623248893;14,1922813334612;3,19760917524084;1,06529657755037;3,7576110740182;1,27190451857176
"232";50;100;3;0;1;0,01;6,32;95,75;2,99995713655788;0,141564204723713;3,25610907480347e-06;0,0100136805673273;1,00332779587864;1,32612894309633;0,0100144542576505;0,00923719971973072;12,5755821426574;9,16095792612083;18,6321767449548;14,1899736524588;3,20157313833709;1,06481342137968;3,7573783748728;1,27215730624678
"233";50;100;3;0;1;0,0625;6,32;95,75;3,00018637280472;0,141054342537939;-1,87644301342215e-06;0,0250674546135046;0,997733104203558;1,25942737653518;0,0625775829470033;0,0578439446682784;12,5028994154494;9,09439212091765;18,6816509155208;14,2594277168133;3,19346909017818;1,05827312360107;3,76071662095047;1,27660782999039
"234";50;100;3;0;1;0,25;6,32;95,75;3,00052261410568;0,141172528737113;-0,000370264137610185;0,0499409743947217;0,995746207275623;1,24470357854771;0,249069908242137;0,228765012002028;12,5011010514106;9,11912309163568;18,6159537437896;14,0389085458446;3,1923942072705;1,06100151643188;3,75834743953162;1,26101324092952
"235";50;100;3;0;1;1;6,32;95,75;3,00051432735921;0,141788274022597;-0,000523786780714811;0,0999114695258694;1,00369509087137;1,32069521128762;0,994604991206292;0,894126990560196;12,5444196456084;9,14141778967239;18,5791752727095;14,1124750392964;3,19753528087572;1,06307534543674;3,75266403319981;1,26646162529401
"236";50;100;3;0;1;100;6,32;95,75;2,9997544942635;0,140820589507108;0,00190541238060662;0,999728392379348;0,997117739360538;1,24208934345794;100,094173217618;100,449214791478;12,5730519792443;9,17641238714796;18,646495747542;14,217947974805;3,20078486442768;1,06619110366665;3,75812486447749;1,27364913862021
"237";50;100;3;0;1;4;6,32;95,75;2,99924839132166;0,14113191279308;-0,00106052260630682;0,199259497819631;0,993856555378624;1,24751250226053;3,9823266563646;3,57847927848229;12,4770200396192;9,13956892016436;18,6689273174932;14,2397312774807;3,18917734076964;1,06300430449383;3,75929584719295;1,27670375683835
"238";50;100;3;0;1;16;6,32;95,75;2,99979905043878;0,141718575734455;-0,0015682237990408;0,398703859014981;1,00343096388083;1,35543087867728;15,9361507291009;14,6937168610331;12,5742419578656;9,18767435102913;18,6102157067985;14,1848932945128;3,20060177706168;1,06655131949673;3,75448701625343;1,27244227011857
"239";50;100;4;0;1;0,01;6,32;95,75;3,99949422739921;0,141575696509384;-2,43986258564302e-05;0,00996927989494498;0,998146025134806;1,34101749149671;0,00995347029601588;0,00871064605833988;12,519357020574;9,13419311646153;18,6139188333476;14,1282171481864;3,19372785616024;1,06334149100362;3,75595095692231;1,26812136232222
"240";50;100;4;0;1;0,0625;6,32;95,75;3,99937942235422;0,140820580649812;-1,57505465884668e-05;0,0249188876947962;0,991823764029282;1,20080668501291;0,0622264394337786;0,0542691283323728;12,4947229130523;9,1520631106454;18,6418190940452;14,1477199092664;3,19122099097482;1,06498632124814;3,7586117115078;1,26965022921236
"241";50;100;4;0;1;0,25;6,32;95,75;4,00046598009403;0,141682795913746;-0,000300478070609991;0,0499547065243382;1,0013459413207;1,25166720231863;0,249694510144498;0,226761679653209;12,5676347661898;9,17698080127678;18,680743638918;14,1780790404264;3,19937010083862;1,0666216646563;3,76254837658785;1,2714818635774
"242";50;100;4;0;1;1;6,32;95,75;4,00039659314934;0,141592127660423;-0,000105206560945875;0,100069507980761;1,0094206173481;1,49640830944663;1,00271288583336;1,05404007301669;12,5367888273023;9,19316539136861;18,5939373756691;14,146795194339;3,19633960893562;1,06874537430014;3,75407404966152;1,26984687520517
"243";50;100;4;0;1;100;6,32;95,75;3,9991794497586;0,140944735618095;-0,00331765078641692;0,996813240208175;0,993468929640138;1,2349429119788;99,5412621194152;89,6684824691634;12,5434945570239;9,13695731167723;18,627158247541;14,1164559306561;3,19836526301122;1,06222234477452;3,75748266963742;1,26719179967122
"244";50;100;4;0;1;4;6,32;95,75;4,0003298080142;0,142064170301715;0,000858657064437427;0,20033538673221;1,0044719857028;1,34030379813019;4,01101792615742;4,41878214114919;12,5441196417145;9,18929488531128;18,5916272858666;14,1187034446221;3,1971424268589;1,06727245456573;3,75425776389391;1,26625295222675
"245";50;100;4;0;1;16;6,32;95,75;4,0001863821841;0,141665987533264;0,000673918534949304;0,402216571814801;1,00222230612086;1,3108995427882;16,090447833914;17,0175699460981;12,5940760289583;9,18103865632635;18,581577827124;14,1668459705579;3,20359744446477;1,06634018844189;3,75341670994693;1,27022355584402
"246";50;20;0;0;1;0,01;6,32;95,75;1,70817384632732e-06;0,141996125294909;9,9944877879899e-05;0,0223614749561135;1,00476435819333;1,44275102630607;0,0100174272531512;0,0185116938362271;12,5687135006143;9,16113798561845;6,78143895592616;5,14030944192008;3,20033322896113;1,06416741086034;2,46951730691656;0,842128335262476
"247";50;20;0;0;1;0,0625;6,32;95,75;-0,000691913989733356;0,140837810068033;-0,00014423572427507;0,0560782986499737;0,996995822837413;1,24302152489555;0,0626789642652448;0,120180939630623;12,594784301092;9,19879700571413;6,76704520812348;5,13184449425809;3,20352217825079;1,06826951077282;2,46715422160689;0,841167094319937
"248";50;20;0;0;1;0,25;6,32;95,75;9,83297626543293e-05;0,14175040302909;-0,000535938136581226;0,111399462443594;1,00076030284803;1,29420756335626;0,248490772224943;0,494698974720793;12,5586847177402;9,16253479967994;6,78085869587131;5,12736343362947;3,19896347616612;1,06413337004315;2,4695026415496;0,840524861343867
"249";50;20;0;0;1;1;6,32;95,75;0,000345505911358315;0,140926326450737;0,000889900717019517;0,224360420749226;0,993916241033395;1,24222477255182;1,00674655763635;1,96632481921295;12,4803957892362;9,1264306454162;6,7752893377329;5,13254238068595;3,18941626291573;1,06208337045022;2,46852539249767;0,840552082291601
"250";50;20;0;0;1;100;6,32;95,75;-0,000436755498324828;0,141301523925551;-0,00615661330331582;2,24678110243502;0,996649999586949;1,24784964683807;99,9699025103763;203,265211201037;12,5429560883947;9,14716792642726;6,76036275581917;5,12089106990222;3,19715462076147;1,06336826074285;2,46615385089342;0,83934794568712
"251";50;20;0;0;1;4;6,32;95,75;0,000483234475570289;0,141665663246244;-0,00167342174575886;0,444878155637544;0,997817763281253;1,23150236834375;3,95747022044233;7,04939596928613;12,5354878263948;9,11425570608784;6,75862423285527;5,13907802260993;3,19736413112022;1,05989508446929;2,46520154034103;0,842534136330644
"252";50;20;0;0;1;16;6,32;95,75;-6,05804296074815e-05;0,140551766662548;-0,00375442141497357;0,890818040275727;0,992977871170881;1,20317884701154;15,8830575989782;29,6370520279203;12,5107510487973;9,12175296161285;6,76541355346391;5,13091812022056;3,19358373289713;1,06189865495553;2,4661382514994;0,841624578269399
"253";50;20;1;0;1;0,01;6,32;95,75;1,00051174532316;0,141741459221216;-5,0946943117841e-05;0,0224095858291234;1,00405317570524;1,72730519033236;0,00996354243769853;0,018905362249443;12,5637589745279;9,13472414202543;6,7694791747753;5,13037758977406;3,19993273830411;1,06185159194768;2,46747313548126;0,841064484009582
"254";50;20;1;0;1;0,0625;6,32;95,75;0,999816872893648;0,141526805402064;-0,000246564206295816;0,0558660092207207;1,00319434743679;1,42473271874033;0,0624206645972223;0,117502621404241;12,5843368608355;9,18682852228986;6,77318835411585;5,12898909518504;3,20230539354431;1,06749749239988;2,46849403550282;0,840348673415837
"255";50;20;1;0;1;0,25;6,32;95,75;0,99926789750882;0,140890101090854;0,000820217276052254;0,112184201896028;0,991071659672028;1,2130709851934;0,251495199474692;0,484995911073059;12,5515197736966;9,14271956572378;6,76906373043454;5,14089327333898;3,19800483045864;1,06352126461006;2,46707375067734;0,842779523953312
"256";50;20;1;0;1;1;6,32;95,75;1,00062507225825;0,141765461115527;-0,00128812033764971;0,221922164205798;1,0067676838133;1,35751333315316;0,990750996127022;2,31591613567941;12,6086399451685;9,20416662672729;6,76493480289216;5,12139398505712;3,20454331623729;1,06934573312955;2,4669752157509;0,839751694934746
"257";50;20;1;0;1;100;6,32;95,75;1,00019772917655;0,141470437716897;-0,00180133080399907;2,22709630011881;1,00217794885276;1,2733570523643;99,3484611190797;184,596687535571;12,5716821902823;9,17338136230526;6,76235574771447;5,13736319807881;3,20118994048765;1,06620479082845;2,46620661527324;0,841784436953066
"258";50;20;1;0;1;4;6,32;95,75;1,00029143073291;0,141695880567009;-0,00425290048730859;0,4458252253717;1,00180140094181;1,22958988249449;3,944456009756;7,29961555112695;12,5296560142085;9,15442786610082;6,76743448169237;5,13079235954241;3,19581255499257;1,0641525770192;2,46649954318726;0,841246466207558
"259";50;20;1;0;1;16;6,32;95,75;0,999718056387822;0,14161333619504;0,00204539869368201;0,889875084717831;1,0030377039837;1,59630954532573;15,8397300582706;27,5317617584052;12,5269093149731;9,15079068819134;6,76282753825833;5,13263978714506;3,19488809507097;1,06408446674364;2,46640584886211;0,840911590634083
"260";50;20;2;0;1;0,01;6,32;95,75;1,99971924154319;0,141540690883023;-4,41547569761398e-05;0,0223851950358087;0,999992188321071;1,25047982813432;0,00996374120047502;0,018597661423948;12,5455131735184;9,16405960793918;6,76135353856892;5,12990401787258;3,19734161302761;1,06503794424142;2,46614380945263;0,840914494523426
"261";50;20;2;0;1;0,0625;6,32;95,75;1,99960374443744;0,141729645466287;-0,000339194207793338;0,0557727446555173;1,00128255933482;1,39062242119043;0,0619617411499328;0,111141640986799;12,5442869275477;9,13990234432383;6,78144836552999;5,12834580628145;3,19720032318063;1,06243126009842;2,46941486790115;0,840211812622633
"262";50;20;2;0;1;0,25;6,32;95,75;1,99995398554118;0,140997866045161;-0,000227828075194751;0,111870451185725;1,00097172613965;1,26431780518779;0,249719777964361;0,469283244280923;12,5121038552377;9,15502060903363;6,76106895441403;5,11529544856714;3,19378969437869;1,06344588452923;2,46659892090095;0,839149932539307
"263";50;20;2;0;1;1;6,32;95,75;2,00007113785108;0,141638788074471;-0,000251599340652828;0,223590775775415;0,998077320225322;1,28929131975858;0,993843478877135;1,82325162293464;12,531415013748;9,14265708635435;6,77096158904237;5,12781852671434;3,1960518638413;1,06307229624193;2,46766411134358;0,840698132968829
"264";50;20;2;0;1;100;6,32;95,75;1,9998370404424;0,141280304383768;-0,00393603395399418;2,22581269214694;1,00040518065018;1,25473751280966;98,859903720618;179,918539500908;12,5636994222342;9,15894390141913;6,74390565776814;5,11135873368153;3,19955885877621;1,06466691175525;2,46299120332796;0,838210980875445
"265";50;20;2;0;1;4;6,32;95,75;2,00000882095412;0,141405599367875;0,00164482383683349;0,448783773607799;1,00084628049076;1,28301945694458;4,01176229565516;7,41315138369688;12,5639176463815;9,16671740723864;6,77348120789589;5,11461830953658;3,19955005873976;1,06518461655478;2,46869723712255;0,838142588964275
"266";50;20;2;0;1;16;6,32;95,75;1,99984086825814;0,141725490912265;-0,00341253040716912;0,896617339023462;1,00326080876933;1,31541796024171;15,9779584096327;31,2253923020846;12,559422710954;9,17187280713234;6,74917714776774;5,13498477390756;3,19934370383599;1,06587319447901;2,46394140230601;0,842617281301286
"267";50;20;3;0;1;0,01;6,32;95,75;2,99945369596798;0,14055555428097;-0,000151352527581597;0,0221476718544709;0,988006177119948;1,17517156688172;0,00987487316670955;0,0174407017385527;12,4722316440052;9,10967724758517;6,78939300594974;5,11809472174722;3,18838102084523;1,06077041377242;2,47160139013231;0,837900864425461
"268";50;20;3;0;1;0,0625;6,32;95,75;2,99958145438279;0,140905988177662;1,26250666379475e-05;0,0558695125518987;0,999889054395841;1,23105851846092;0,0623708362890021;0,11547706366149;12,6080851454218;9,21674441033436;6,75922265160617;5,11446769668166;3,20434660007117;1,07000116559441;2,46586736729135;0,838772069635088
"269";50;20;3;0;1;0,25;6,32;95,75;2,99999769548549;0,141447279356294;0,000109188273843092;0,112694810077897;1,00047386076956;1,32874233955908;0,251185820161413;0,485128678176343;12,5094261241143;9,14892653036562;6,74601454147759;5,12558377556482;3,19323419681094;1,06360852014763;2,46365734803465;0,840614987755736
"270";50;20;3;0;1;1;6,32;95,75;2,99934764821913;0,141434708510766;0,000147625184677308;0,223442235607384;1,0001434808728;1,3140370762497;0,999198373798777;1,79745675655041;12,5491373723052;9,18543183749637;6,75840504405509;5,13551352160843;3,19773571690861;1,06720140704812;2,46516288780285;0,842095299881396
"271";50;20;3;0;1;100;6,32;95,75;3,00004214643346;0,14155116989019;0,00397091409819719;2,23723231634988;0,998645877412105;1,28266213290721;100,122437561592;194,201420337222;12,5007962020138;9,10985556980195;6,77105141975953;5,1298473632156;3,19268957955443;1,05984166903379;2,46791668802077;0,840452866839239
"272";50;20;3;0;1;4;6,32;95,75;2,99939696898915;0,141304789849374;-0,000727293841642443;0,446505734585083;0,994247788402605;1,22159152806695;3,97376942617462;7,19910103382137;12,5206458820097;9,13998878803807;6,74630182658717;5,1232870459508;3,19414073676316;1,0632725891903;2,4635939403166;0,840067844835596
"273";50;20;3;0;1;16;6,32;95,75;3,00007798734632;0,141580430742366;-0,00103377880487939;0,890841254031591;0,998159053623608;1,25416819428847;15,8890554224991;29,442092369082;12,5618309294305;9,14260162792628;6,78368903198663;5,12492711805962;3,19969041943594;1,06275134970177;2,47002085559985;0,839024852371117
"274";50;20;4;0;1;0,01;6,32;95,75;3,99991315917069;0,141460829722808;-3,27569259338515e-06;0,0223672034339832;0,998014345818176;1,21248477680807;0,010040744605046;0,0193690102790474;12,5394692008696;9,18658287065393;6,76631269041126;5,1282022295782;3,19666096761458;1,06794328968634;2,46740504159918;0,840920145548911
"275";50;20;4;0;1;0,0625;6,32;95,75;4,0000887909818;0,141394373402471;0,000130756657262663;0,0561419512709416;0,999123378123594;1,26918687455421;0,0629239097131175;0,126603541500704;12,5356063063317;9,14703612230636;6,77583899487684;5,1168139832017;3,19725873950102;1,06364517711933;2,46920976689054;0,837969480609839
"276";50;20;4;0;1;0,25;6,32;95,75;4,00000678258048;0,140833017700711;-9,41953739093088e-05;0,111837198329449;0,996902819099476;1,28790600044961;0,250059695312179;0,476717730886903;12,5419171352228;9,13198046389088;6,7832332197259;5,13942811374773;3,19723239400402;1,06238405564618;2,46980108481706;0,841572686918075
"277";50;20;4;0;1;1;6,32;95,75;3,9997668309113;0,141572788140677;-2,43291222427304e-05;0,223792206969468;1,00289877456063;1,31031687623996;1,00186019015012;1,84297994100892;12,5644532261484;9,17364085935669;6,77855031825419;5,13290386514704;3,20001112861435;1,0653196747759;2,4690556601478;0,840755031729142
"278";50;20;4;0;1;100;6,32;95,75;3,99953030255086;0,141490590566716;-0,00186343277016671;2,22059538807029;0,99795268687085;1,8203450725914;99,9832801874225;187,735213457117;12,5211134189598;9,15304208703664;6,80319865854928;5,14177707165395;3,19421101675356;1,06472874204113;2,47317041156075;0,841942348240799
"279";50;20;4;0;1;4;6,32;95,75;4,00007959391087;0,142020953200453;-0,00232906167980228;0,443892061959539;1,00442356622845;1,34634535216478;3,96530058909495;7,05892161704655;12,6169943367679;9,20364517227795;6,77068134912698;5,13508315669081;3,20590376085406;1,068216590443;2,46714845368544;0,841879452124285
"280";50;20;4;0;1;16;6,32;95,75;4,00047997511957;0,141460187210236;-0,000354146887911698;0,891212312364716;1,00370075266726;1,28281383170659;15,8809139438345;28,7126321977615;12,5809172692578;9,17993118951511;6,76659498690723;5,13677818932668;3,20155916707138;1,06692693549899;2,46627290635633;0,842253161001649
"281";50;50;0;0;1;0,01;6,32;95,75;0,000248043643440196;0,140867142620366;4,67628235263414e-06;0,0141685901973688;0,998329449840027;1,22138296075492;0,00999653969249839;0,012663187405678;12,5789526400612;9,16232688589277;12,5295649701102;9,16680633048292;3,20125740357653;1,06508744048786;3,19510784266289;1,06602749659182
"282";50;50;0;0;1;0,0625;6,32;95,75;0,000305965956326977;0,142432247369536;-7,27188650385582e-05;0,0352804390689447;1,00301654620569;1,26553851067463;0,0622497040236299;0,0820693814537657;12,5767369526713;9,15421825874375;12,5117876706579;9,16950879083784;3,20161961015917;1,06371952001115;3,19280297318934;1,06527514558099
"283";50;50;0;0;1;0,25;6,32;95,75;-0,00038568970574502;0,142263658862296;-1,29432447095515e-05;0,0705899994517945;1,0038356585791;1,40241616946056;0,250528672526687;0,31045103044407;12,5453768422697;9,14874756394608;12,5698006018974;9,19449672828364;3,19734789696185;1,06393251488927;3,20034036756745;1,06786091059673
"284";50;50;0;0;1;1;6,32;95,75;0,000198462877962199;0,14187973595959;0,000780457852204961;0,141533901158928;1,00504160935481;1,3412406770147;1,00156176146953;1,19462823758853;12,5581788060801;9,19368578607469;12,5433715561562;9,14531656092025;3,19866350502865;1,06797701640242;3,19761020238566;1,06300765404678
"285";50;50;0;0;1;100;6,32;95,75;0,00098443953686431;0,141749986571559;-0,00329244533886702;1,40698130216685;1,00725924799968;1,27478660763359;99,8818004913547;129,76601522383;12,5928025202324;9,21523915420334;12,5837439744284;9,20126819801679;3,20254300753549;1,06963079375397;3,20230804315977;1,06789615929843
"286";50;50;0;0;1;4;6,32;95,75;0,000487565597368306;0,141370216262926;-0,000685162914522744;0,281854147525049;1,0049645922423;1,42349062482184;3,97987772970143;4,85284504155559;12,5652194996075;9,14183414330847;12,5515306644984;9,15027972005503;3,20094890140241;1,06234340452135;3,19803564531535;1,06377988696576
"287";50;50;0;0;1;16;6,32;95,75;3,86590062073877e-05;0,141983980944283;-0,000683553105131662;0,562958116759661;1,00082763628219;1,37738954809748;15,9284146812325;19,4319822512442;12,523385511289;9,12598307978372;12,5523499269984;9,14267132817977;3,19558686242328;1,06181945565214;3,19870062119228;1,06228618735893
"288";50;50;1;0;1;0,01;6,32;95,75;0,99923306175865;0,141555592361177;-8,132591193705e-05;0,0140620481666415;1,00515350991603;1,43960444637678;0,00990089731222652;0,0118135917650779;12,6034488403612;9,23590920277884;12,52236363816;9,15663092484464;3,20397602243183;1,07165563546942;3,19432438763691;1,06493479102871
"289";50;50;1;0;1;0,0625;6,32;95,75;0,999844177274623;0,141192994688922;6,07854118316039e-05;0,0355236158140456;1,00058896063119;1,28028171507058;0,0629099736829037;0,0865578935132106;12,567588746576;9,16713253624526;12,5366889291861;9,18048355402087;3,19999592158385;1,0655896247566;3,19566132395558;1,0672824808289
"290";50;50;1;0;1;0,25;6,32;95,75;1,00025365536993;0,142575298197933;-0,00024788785087771;0,070193144649627;1,0075223445745;1,32055554196297;0,247757391561115;0,298210492474835;12,5895130473195;9,17581659417368;12,536562852097;9,19627466376567;3,20383988898125;1,06547658366055;3,19554739004168;1,06854052256794
"291";50;50;1;0;1;1;6,32;95,75;1,00031704478737;0,141872244952735;0,00028478825182726;0,14180202150157;1,0040867606972;1,38834347898587;1,00225846429069;1,28264862858318;12,5123805205728;9,13748903389276;12,5084440972081;9,11469517815813;3,19372221016531;1,06284640926588;3,19427319889638;1,06017545556253
"292";50;50;1;0;1;100;6,32;95,75;1,00047969861538;0,141989672629243;0,000423922008399308;1,41838238635259;1,00233300663216;1,27120844835556;100,146378209963;129,422832668206;12,562427509563;9,17500383961678;12,5328201657741;9,15933575969805;3,19906701446606;1,06642135805881;3,19628166793211;1,06446968497276
"293";50;50;1;0;1;4;6,32;95,75;0,999911555299179;0,140734445940839;-0,0011546573615586;0,282068077660926;0,995619569998263;1,18136510181801;3,97888116308746;4,88283317343685;12,5766652460209;9,16701088063315;12,5300338177947;9,14919799663558;3,20170961211161;1,06522052650291;3,19576556031992;1,06364496437276
"294";50;50;1;0;1;16;6,32;95,75;1,00019622856702;0,141095113953068;0,0010597821060963;0,56560001122342;1,00075809385649;1,23929041629124;16,0571168917175;20,7796298555143;12,5867170204708;9,16678771780567;12,5662963954155;9,13608383319961;3,20220756844238;1,06634717379041;3,20065015690624;1,06190471732214
"295";50;50;2;0;1;0,01;6,32;95,75;2,00022163526568;0,141393629461253;-1,80709828077757e-05;0,0141120659717058;0,997087562597182;1,24810572548431;0,00999311034748302;0,0125388117163422;12,5226157463301;9,14285873085013;12,5831249702775;9,1754740238435;3,19480673190628;1,06301883722827;3,20158300531784;1,06533526775323
"296";50;50;2;0;1;0,0625;6,32;95,75;1,99981328764527;0,142060132120619;-3,44561582445064e-05;0,0353763625836741;1,00024266778311;1,29813705955256;0,062538061103959;0,0834630508747647;12,5259376902435;9,16213466393165;12,5265707880689;9,17949690807475;3,19435443598289;1,06581623741744;3,19476920705776;1,06659307746599
"297";50;50;2;0;1;0,25;6,32;95,75;2,00004634830931;0,140820478021013;-0,000162391170398401;0,0707131937270132;0,99910729926197;1,30558873046133;0,249212526125196;0,341572959402233;12,5480148146079;9,14312444355738;12,5571553665342;9,15585218166884;3,19788187767399;1,0636316647585;3,19875542199131;1,0644539588498
"298";50;50;2;0;1;1;6,32;95,75;1,9998001078671;0,141397849062479;4,06573730849271e-05;0,14094137545768;0,996906061966022;1,25168577477428;0,998866950400339;1,29399194174086;12,5116160422016;9,16069887691066;12,5271676269893;9,16954080776415;3,1922402980138;1,06520013788888;3,19479294520737;1,06589158569058
"299";50;50;2;0;1;100;6,32;95,75;2,00052923910429;0,14140878726959;0,00355790283865065;1,41274234608012;1,00147018150954;1,25736770801706;100,256203581479;128,470739146188;12,5317495285473;9,16177049512339;12,5362319245121;9,15766834608674;3,19567466146905;1,06542096547911;3,19653949849488;1,06526607338326
"300";50;50;2;0;1;4;6,32;95,75;1,99967170830267;0,141829385051469;0,000675712158736614;0,282802216296043;1,00358314563919;1,57185998099743;3,98520683815739;4,94463049006245;12,5526883447315;9,15850435794561;12,4974338161817;9,13465969212232;3,19795514330393;1,06444553033599;3,19207616229964;1,06269191628094
"301";50;50;2;0;1;16;6,32;95,75;2,00024375628825;0,141412393625878;-0,000215592476436616;0,564005269455047;1,00182033887184;1,21528021214781;15,9920793971996;20,3069628528313;12,6264120776158;9,20145698103234;12,5428004837781;9,14136830466844;3,20684987013537;1,06863215434766;3,19802775029309;1,06278452639098
"302";50;50;3;0;1;0,01;6,32;95,75;3,00038569245924;0,141508610257691;-1,23200862058558e-05;0,014095907902712;0,99868047471642;1,26426271740845;0,00998288785088604;0,0126009232299181;12,5252786193002;9,13961357282959;12,5721768274872;9,17790704952599;3,19586410351014;1,06277844366498;3,20032377031241;1,06620701798156
"303";50;50;3;0;1;0,0625;6,32;95,75;3,00032561421952;0,14202456447364;0,000102528540766468;0,0353178309983692;1,00662815117254;1,49115155079242;0,0626099848566278;0,0793604915130944;12,5808587492405;9,1942781558673;12,5539964666422;9,18552314112718;3,20146906932819;1,06775981330177;3,19876426765172;1,06766169013128
"304";50;50;3;0;1;0,25;6,32;95,75;2,99972444608923;0,141492875566621;-0,000138234384224829;0,0707031137840472;1,00041838197539;1,38309507901533;0,250243229045533;0,323557002316297;12,5228947775971;9,14518423232287;12,5211188556523;9,1563649772798;3,1947045388821;1,06382636017527;3,1945420180876;1,06444319188225
"305";50;50;3;0;1;1;6,32;95,75;2,99908510093326;0,141135519920402;0,000204556670178688;0,140545619593257;0,997347415786406;1,32881193137786;1,00146427309511;1,22453308566481;12,569528747924;9,17757194903076;12,6101873517309;9,20255829403282;3,1993682456153;1,06691979975724;3,20457313199613;1,06937534199573
"306";50;50;3;0;1;100;6,32;95,75;2,99947134539128;0,141234899865;-0,00747910765874105;1,41564577272051;0,993779401810003;1,23402802497318;99,8436055188903;155,067570879754;12,5184900102458;9,12811909500617;12,5033034397393;9,14778655380646;3,19462537293053;1,06100533784075;3,19268223398087;1,06332614192859
"307";50;50;3;0;1;4;6,32;95,75;2,99983068811026;0,14235930505761;0,000750396434169405;0,283206157709838;1,00349950159256;1,3394487161147;4,01290238630414;5,24533716003236;12,5716919174939;9,16244369946773;12,5547473376041;9,14815751106228;3,20075413099915;1,06421301745357;3,19905510597089;1,06402209684899
"308";50;50;3;0;1;16;6,32;95,75;3,00017908305572;0,141088370790319;-0,00100078849918954;0,565670273235794;1,00233619367091;1,31596911416187;15,9351849153911;20,5130361243438;12,5682882558614;9,1423690014425;12,5538210336946;9,14178454763698;3,20109362949218;1,06312062672448;3,199195597233;1,06250760214157
"309";50;50;4;0;1;0,01;6,32;95,75;3,99986318080967;0,142203996768183;5,20088592972738e-05;0,0140979551431608;1,00178114626034;1,32088599838623;0,00999110820641239;0,0121799772896659;12,5390662061414;9,153472912674;12,5652378512647;9,15339957877911;3,1970554762923;1,06413228105032;3,20005481181689;1,06438660187728
"310";50;50;4;0;1;0,0625;6,32;95,75;3,99879893170274;0,140866337758182;-1,57538994226394e-05;0,035285762987159;0,998016241097611;1,3164918472374;0,0622005781842578;0,0747578982585728;12,5846189794069;9,20552318799486;12,5516702357237;9,14042058610002;3,20198290164077;1,06870117999248;3,19894221114487;1,06194016925747
"311";50;50;4;0;1;0,25;6,32;95,75;3,99938646835084;0,140405148036815;-0,000188786018078601;0,0708948571523971;0,99063593792748;1,253284636614;0,249410838106027;0,309546377751908;12,4930492240399;9,12543613776947;12,5172342267164;9,15449781513558;3,19094383854868;1,06189847107039;3,19386640662945;1,06483835379171
"312";50;50;4;0;1;1;6,32;95,75;4,00007607853962;0,141548649516596;0,000225259844716314;0,141804940708304;1,00286642402385;1,29578941079512;0,998786138465523;1,25383661216473;12,5301648542332;9,1678487218789;12,488451718798;9,12781051831904;3,19620325551669;1,06525204433792;3,19108940998271;1,06231241343909
"313";50;50;4;0;1;100;6,32;95,75;4,00012068228752;0,141202825057398;0,00363489816079922;1,42047101851589;1,00111845821386;1,3052728490691;100,338005972911;128,417459472181;12,5086053515819;9,13882614041847;12,5332805756921;9,16580291048752;3,19375155833827;1,06279228805198;3,19612070296458;1,06428995501361
"314";50;50;4;0;1;4;6,32;95,75;4,00025647474728;0,140723234763876;0,000265783749523791;0,282406574797447;1,0010302025213;1,27146555520776;3,99911010019923;5,1491915330047;12,5660596830765;9,15322001833028;12,5383086250832;9,17533051435444;3,20075228411141;1,06366854218107;3,19606277347982;1,06693613585665
"315";50;50;4;0;1;16;6,32;95,75;4,00096753478292;0,141354756873067;-0,00436818703113903;0,563192307238753;1,00556130825691;1,2474920149801;15,9340887955109;21,3354521910709;12,5752283058311;9,18066417514974;12,5577124007962;9,17108536514936;3,20110959876162;1,06644864496112;3,19798645751032;1,06680711465619
