"n1";"n2";"m1";"m2";"sd1";"sd2";"C.P_cohen.d";"C.P_glass1.d";"C.P_glass2.d";"C.P_cohen.dprime";"C.P_shieh.d";"C.P_hedges.g";"C.P_glass1.g";"C.P_glass2.g";"C.P_hedges.gprime";"C.P_shieh.g"
"1";100;100;0;0;1;0,1;0,94714;0,94862;0,94861;0,94852;0,94852;0,94714;0,94862;0,94861;0,94852;0,94852
"2";100;100;0;0;1;0,25;0,94653;0,94824;0,94822;0,94773;0,94773;0,94653;0,94824;0,94822;0,94773;0,94773
"3";100;100;0;0;1;0,5;0,94951;0,95073;0,95073;0,95004;0,95004;0,94951;0,95073;0,95073;0,95004;0,95004
"4";100;100;0;0;1;1;0,95116;0,95262;0,95262;0,95122;0,95122;0,95116;0,95262;0,95262;0,95122;0,95122
"5";100;100;0;0;1;10;0,94622;0,94787;0,94787;0,9478;0,9478;0,94622;0,94787;0,94787;0,9478;0,9478
"6";100;100;0;0;1;2;0,94864;0,95016;0,95016;0,94917;0,94917;0,94864;0,95016;0,95016;0,94917;0,94917
"7";100;100;0;0;1;4;0,94825;0,94946;0,94947;0,94919;0,94919;0,94825;0,94946;0,94947;0,94919;0,94919
"8";100;100;1;0;1;0,1;0,68824;0,73546;0,82693;0,73661;0,73661;0,69008;0,73895;0,8291;0,73984;0,73984
"9";100;100;1;0;1;0,25;0,7136;0,74224;0,83992;0,74945;0,74945;0,71557;0,74512;0,84194;0,75204;0,75204
"10";100;100;1;0;1;0,5;0,77988;0,7618;0,87199;0,79312;0,79312;0,78122;0,76481;0,87374;0,79496;0,79496
"11";100;100;1;0;1;1;0,8913;0,81561;0,92421;0,8921;0,8921;0,89212;0,81662;0,92526;0,89297;0,89297
"12";100;100;1;0;1;10;0,95783;0,94217;0,95915;0,95902;0,95902;0,9578;0,94159;0,95911;0,95894;0,95894
"13";100;100;1;0;1;2;0,95616;0,88028;0,96634;0,95853;0,95853;0,9561;0,87984;0,9665;0,95877;0,95877
"14";100;100;1;0;1;4;0,96609;0,92406;0,96935;0,96777;0,96777;0,96605;0,92327;0,96916;0,96751;0,96751
"15";100;20;0;0;1;0,1;0,99992;0,94779;0,95904;0,9477;0,94755;0,99992;0,94779;0,95904;0,9477;0,94755
"16";100;20;0;0;1;0,25;0,9995;0,95076;0,96179;0,95058;0,95078;0,9995;0,95076;0,96179;0,95058;0,95078
"17";100;20;0;0;1;0,5;0,99457;0,95059;0,9613;0,9503;0,95227;0,99457;0,95059;0,9613;0,9503;0,95227
"18";100;20;0;0;1;1;0,94886;0,94344;0,95531;0,94478;0,94951;0,94886;0,94344;0,95531;0,94478;0,94951
"19";100;20;0;0;1;10;0,60625;0,93412;0,94581;0,94539;0,94575;0,60625;0,93412;0,94581;0,94539;0,94575
"20";100;20;0;0;1;2;0,80329;0,93827;0,95058;0,94369;0,94829;0,80329;0,93827;0,95058;0,94369;0,94829
"21";100;20;0;0;1;4;0,66818;0,93444;0,94648;0,94385;0,9459;0,66818;0,93444;0,94648;0,94385;0,9459
"22";100;20;1;0;1;0,1;0,95791;0,73868;0,83572;0,73952;0,74494;0,95866;0,742;0,83885;0,74358;0,74871
"23";100;20;1;0;1;0,25;0,95568;0,76403;0,86005;0,77592;0,80667;0,95638;0,76596;0,86281;0,77794;0,80846
"24";100;20;1;0;1;0,5;0,94884;0,81917;0,90245;0,85273;0,88808;0,94946;0,82003;0,90307;0,85372;0,88916
"25";100;20;1;0;1;1;0,91811;0,88056;0,95172;0,93147;0,94613;0,91822;0,87957;0,95256;0,93195;0,94638
"26";100;20;1;0;1;10;0,62962;0,93377;0,95509;0,95465;0,95495;0,62964;0,93357;0,95439;0,95393;0,95424
"27";100;20;1;0;1;2;0,82486;0,91441;0,96695;0,95839;0,9647;0,82497;0,91346;0,96608;0,95842;0,96423
"28";100;20;1;0;1;4;0,71087;0,92694;0,96252;0,96025;0,96205;0,71095;0,9264;0,9614;0,95902;0,96096
"29";100;50;0;0;1;0,1;0,99133;0,94636;0,9494;0,94629;0,94625;0,99133;0,94636;0,9494;0,94629;0,94625
"30";100;50;0;0;1;0,25;0,98962;0,94831;0,95123;0,94795;0,94772;0,98962;0,94831;0,95123;0,94795;0,94772
"31";100;50;0;0;1;0,5;0,98266;0,95266;0,95542;0,95202;0,95188;0,98266;0,95266;0,95542;0,95202;0,95188
"32";100;50;0;0;1;1;0,95153;0,95152;0,9542;0,95098;0,95153;0,95153;0,95152;0,9542;0,95098;0,95153
"33";100;50;0;0;1;10;0,82777;0,94331;0,94629;0,94614;0,94622;0,82777;0,94331;0,94629;0,94614;0,94622
"34";100;50;0;0;1;2;0,89032;0,94654;0,94948;0,94726;0,94799;0,89032;0,94654;0,94948;0,94726;0,94799
"35";100;50;0;0;1;4;0,84957;0,94467;0,94747;0,94674;0,94711;0,84957;0,94467;0,94747;0,94674;0,94711
"36";100;50;1;0;1;0,1;0,83081;0,73664;0,81932;0,73775;0,73889;0,83291;0,74059;0,82253;0,74134;0,74248
"37";100;50;1;0;1;0,25;0,83709;0,74818;0,83951;0,75717;0,76409;0,83876;0,75095;0,84232;0,75921;0,76624
"38";100;50;1;0;1;0,5;0,86;0,7822;0,87827;0,81499;0,83533;0,86158;0,784;0,87996;0,81615;0,83668
"39";100;50;1;0;1;1;0,90029;0,84879;0,93518;0,91443;0,92705;0,90092;0,84858;0,93604;0,91545;0,9281
"40";100;50;1;0;1;10;0,84907;0,93995;0,95681;0,95661;0,95675;0,84906;0,93974;0,95648;0,95627;0,95638
"41";100;50;1;0;1;2;0,90825;0,9037;0,96924;0,9622;0,96598;0,9086;0,90242;0,96962;0,96271;0,96636
"42";100;50;1;0;1;4;0,88161;0,93099;0,96736;0,96581;0,96672;0,88155;0,93029;0,96708;0,96557;0,96628
"43";20;100;0;0;1;0,1;0,60573;0,94603;0,9342;0,94564;0,94592;0,60573;0,94603;0,9342;0,94564;0,94592
"44";20;100;0;0;1;0,25;0,66863;0,94791;0,93493;0,94536;0,94727;0,66863;0,94791;0,93493;0,94536;0,94727
"45";20;100;0;0;1;0,5;0,80314;0,9485;0,93679;0,94217;0,94646;0,80314;0,9485;0,93679;0,94217;0,94646
"46";20;100;0;0;1;1;0,94948;0,95475;0,94284;0,9442;0,94921;0,94948;0,95475;0,94284;0,9442;0,94921
"47";20;100;0;0;1;10;0,99988;0,95981;0,9488;0,94878;0,94866;0,99988;0,95981;0,9488;0,94878;0,94866
"48";20;100;0;0;1;2;0,9947;0,96091;0,94948;0,94922;0,95159;0,9947;0,96091;0,94948;0,94922;0,95159
"49";20;100;0;0;1;4;0,99935;0,96223;0,95102;0,95079;0,95099;0,99935;0,96223;0,95102;0,95079;0,95099
"50";20;100;1;0;1;0,1;0,42247;0,81238;0,88768;0,81162;0,81218;0,42461;0,81628;0,88844;0,81504;0,816
"51";20;100;1;0;1;0,25;0,5111;0,81138;0,89127;0,80764;0,81016;0,51312;0,81603;0,89257;0,81045;0,81476
"52";20;100;1;0;1;0,5;0,70125;0,816;0,90277;0,81665;0,81256;0,70302;0,82035;0,90443;0,81687;0,81556
"53";20;100;1;0;1;1;0,92187;0,83017;0,9268;0,87349;0,83259;0,9226;0,83294;0,92798;0,87274;0,83262
"54";20;100;1;0;1;10;0,99997;0,94494;0,96051;0,96028;0,95943;0,99997;0,94261;0,96042;0,96014;0,95936
"55";20;100;1;0;1;2;0,99529;0,87073;0,95732;0,94414;0,90616;0,99522;0,86953;0,95789;0,94454;0,90479
"56";20;100;1;0;1;4;0,99987;0,9156;0,96707;0,96499;0,9565;0,99986;0,91043;0,96715;0,96501;0,95616
"57";20;20;0;0;1;0,1;0,93884;0,94567;0,94567;0,9453;0,9453;0,93884;0,94567;0,94567;0,9453;0,9453
"58";20;20;0;0;1;0,25;0,94187;0,94896;0,94897;0,94654;0,94654;0,94187;0,94896;0,94897;0,94654;0,94654
"59";20;20;0;0;1;0,5;0,94883;0,95574;0,95574;0,95097;0,95097;0,94883;0,95574;0,95574;0,95097;0,95097
"60";20;20;0;0;1;1;0,95264;0,95988;0,95988;0,95372;0,95372;0,95264;0,95988;0,95988;0,95372;0,95372
"61";20;20;0;0;1;10;0,93934;0,94641;0,94641;0,94587;0,94587;0,93934;0,94641;0,94641;0,94587;0,94587
"62";20;20;0;0;1;2;0,94825;0,95553;0,95554;0,95075;0,95075;0,94825;0,95553;0,95554;0,95075;0,95075
"63";20;20;0;0;1;4;0,94166;0,94934;0,94934;0,94707;0,94707;0,94166;0,94934;0,94934;0,94707;0,94707
"64";20;20;1;0;1;0,1;0,75118;0,81019;0,88444;0,8093;0,8093;0,7551;0,81515;0,88321;0,81389;0,81389
"65";20;20;1;0;1;0,25;0,77558;0,81826;0,89686;0,81749;0,81749;0,77992;0,82287;0,8962;0,81995;0,81995
"66";20;20;1;0;1;0,5;0,83448;0,83364;0,91951;0,84699;0,84699;0,83743;0,83577;0,91872;0,84781;0,84781
"67";20;20;1;0;1;1;0,91741;0,87449;0,95411;0,91957;0,91957;0,91834;0,87197;0,95415;0,92011;0,92011
"68";20;20;1;0;1;10;0,94846;0,94167;0,95454;0,95405;0,95405;0,94804;0,94013;0,95407;0,95357;0,95357
"69";20;20;1;0;1;2;0,95433;0,91135;0,96817;0,95855;0,95855;0,95414;0,90596;0,96815;0,95828;0,95828
"70";20;20;1;0;1;4;0,95591;0,93057;0,96352;0,96064;0,96064;0,95561;0,92655;0,96256;0,95994;0,95994
"71";20;50;0;0;1;0,1;0,76916;0,94534;0,93626;0,94492;0,94514;0,76916;0,94534;0,93626;0,94492;0,94514
"72";20;50;0;0;1;0,25;0,79945;0,94688;0,93747;0,94442;0,94586;0,79945;0,94688;0,93747;0,94442;0,94586
"73";20;50;0;0;1;0,5;0,86751;0,95057;0,94165;0,94451;0,94708;0,86751;0,95057;0,94165;0,94451;0,94708
"74";20;50;0;0;1;1;0,95204;0,95905;0,94987;0,94925;0,95153;0,95204;0,95905;0,94987;0,94925;0,95153
"75";20;50;0;0;1;10;0,99593;0,95511;0,94642;0,94623;0,94605;0,99593;0,95511;0,94642;0,94623;0,94605
"76";20;50;0;0;1;2;0,98603;0,96147;0,95286;0,95158;0,95188;0,98603;0,96147;0,95286;0,95158;0,95188
"77";20;50;0;0;1;4;0,99328;0,95898;0,95026;0,94962;0,94924;0,99328;0,95898;0,95026;0,94962;0,94924
"78";20;50;1;0;1;0,1;0,55323;0,81205;0,8781;0,81099;0,81159;0,55611;0,81588;0,88013;0,81462;0,81524
"79";20;50;1;0;1;0,25;0,60938;0,8119;0,88776;0,80954;0,81025;0,61291;0,81607;0,8893;0,81147;0,81373
"80";20;50;1;0;1;0,5;0,74381;0,81948;0,90473;0,82408;0,81761;0,74725;0,82318;0,90633;0,82459;0,81902
"81";20;50;1;0;1;1;0,91542;0,84492;0,93717;0,89275;0,86562;0,9165;0,84553;0,93845;0,89338;0,86407
"82";20;50;1;0;1;10;0,99721;0,94615;0,95617;0,95601;0,95568;0,99717;0,9441;0,956;0,95575;0,95541
"83";20;50;1;0;1;2;0,98763;0,89111;0,96413;0,95378;0,9395;0,98769;0,88774;0,96511;0,95425;0,93867
"84";20;50;1;0;1;4;0,99691;0,92569;0,96714;0,96488;0,96237;0,99688;0,92058;0,96689;0,96474;0,96195
"85";50;100;0;0;1;0,1;0,82683;0,94522;0,94226;0,94509;0,94515;0,82683;0,94522;0,94226;0,94509;0,94515
"86";50;100;0;0;1;0,25;0,8495;0,94863;0,94557;0,94762;0,94797;0,8495;0,94863;0,94557;0,94762;0,94797
"87";50;100;0;0;1;0,5;0,89159;0,94955;0,94681;0,94759;0,94827;0,89159;0,94955;0,94681;0,94759;0,94827
"88";50;100;0;0;1;1;0,95114;0,95351;0,95027;0,94967;0,95025;0,95114;0,95351;0,95027;0,94967;0,95025
"89";50;100;0;0;1;10;0,99215;0,95074;0,94769;0,94766;0,9476;0,99215;0,95074;0,94769;0,94766;0,9476
"90";50;100;0;0;1;2;0,98156;0,95431;0,95146;0,95082;0,9507;0,98156;0,95431;0,95146;0,95082;0,9507
"91";50;100;0;0;1;4;0,98966;0,95183;0,94896;0,94861;0,94837;0,98966;0,95183;0,94896;0,94861;0,94837
"92";50;100;1;0;1;0,1;0,56489;0,76474;0,857;0,76517;0,76511;0,56732;0,76941;0,85831;0,76987;0,76957
"93";50;100;1;0;1;0,25;0,61409;0,76868;0,87046;0,77165;0,76996;0,61658;0,77225;0,87207;0,77523;0,77365
"94";50;100;1;0;1;0,5;0,72949;0,77762;0,88971;0,79907;0,78835;0,73145;0,78095;0,89097;0,80008;0,79026
"95";50;100;1;0;1;1;0,90156;0,81077;0,92723;0,8804;0,85587;0,9024;0,81302;0,92807;0,88098;0,8557
"96";50;100;1;0;1;10;0,99492;0,94324;0,96045;0,96023;0,95996;0,99487;0,94244;0,96011;0,95999;0,95986
"97";50;100;1;0;1;2;0,9842;0,86893;0,96413;0,953;0,94208;0,98442;0,86824;0,96472;0,95314;0,94204
"98";50;100;1;0;1;4;0,99512;0,9177;0,96972;0,96767;0,96573;0,99514;0,9158;0,96959;0,96749;0,96556
"99";50;20;0;0;1;0,1;0,99588;0,94777;0,95605;0,94766;0,94749;0,99588;0,94777;0,95605;0,94766;0,94749
"100";50;20;0;0;1;0,25;0,99382;0,95007;0,95855;0,94948;0,94909;0,99382;0,95007;0,95855;0,94948;0,94909
"101";50;20;0;0;1;0,5;0,98614;0,95326;0,96123;0,95209;0,95234;0,98614;0,95326;0,96123;0,95209;0,95234
"102";50;20;0;0;1;1;0,95107;0,94878;0,95757;0,94822;0,95052;0,95107;0,94878;0,95757;0,94822;0,95052
"103";50;20;0;0;1;10;0,77239;0,93785;0,94681;0,9464;0,94665;0,77239;0,93785;0,94681;0,9464;0,94665
"104";50;20;0;0;1;2;0,86896;0,94118;0,94994;0,94379;0,94643;0,86896;0,94118;0,94994;0,94379;0,94643
"105";50;20;0;0;1;4;0,8021;0,93732;0,94656;0,94398;0,94539;0,8021;0,93732;0,94656;0,94398;0,94539
"106";50;20;1;0;1;0,1;0,88726;0,76489;0,85553;0,76581;0,76703;0,88966;0,76883;0,85571;0,76974;0,77082
"107";50;20;1;0;1;0,25;0,89224;0,77896;0,87575;0,78606;0,79677;0,89434;0,7832;0,87541;0,78865;0,79961
"108";50;20;1;0;1;0,5;0,90168;0,81422;0,90897;0,84316;0,86818;0,9036;0,8158;0,90803;0,84482;0,86961
"109";50;20;1;0;1;1;0,91509;0,87357;0,95428;0,92605;0,94064;0,91644;0,87172;0,9548;0,92693;0,94232
"110";50;20;1;0;1;10;0,78993;0,93432;0,95351;0,95304;0,95329;0,78993;0,93388;0,95293;0,95236;0,95269
"111";50;20;1;0;1;2;0,88793;0,90999;0,9683;0,95879;0,96403;0,88789;0,90788;0,96783;0,95868;0,96365
"112";50;20;1;0;1;4;0,83504;0,92735;0,96349;0,96075;0,96228;0,8348;0,92636;0,9624;0,9597;0,96124
"113";50;50;0;0;1;0,1;0,94434;0,94726;0,94726;0,94714;0,94714;0,94434;0,94726;0,94726;0,94714;0,94714
"114";50;50;0;0;1;0,25;0,94482;0,94752;0,94752;0,94679;0,94679;0,94482;0,94752;0,94752;0,94679;0,94679
"115";50;50;0;0;1;0,5;0,94862;0,9516;0,9516;0,94958;0,94958;0,94862;0,9516;0,9516;0,94958;0,94958
"116";50;50;0;0;1;1;0,95225;0,955;0,95499;0,95251;0,95251;0,95225;0,955;0,95499;0,95251;0,95251
"117";50;50;0;0;1;10;0,94261;0,9453;0,9453;0,94513;0,94513;0,94261;0,9453;0,9453;0,94513;0,94513
"118";50;50;0;0;1;2;0,94822;0,95102;0,95101;0,94921;0,94921;0,94822;0,95102;0,95101;0,94921;0,94921
"119";50;50;0;0;1;4;0,94613;0,94886;0,94886;0,94816;0,94816;0,94613;0,94886;0,94886;0,94816;0,94816
"120";50;50;1;0;1;0,1;0,71233;0,76358;0,84621;0,76382;0,76382;0,7147;0,76785;0,8481;0,76815;0,76815
"121";50;50;1;0;1;0,25;0,73668;0,77026;0,86431;0,77524;0,77524;0,73919;0,77373;0,86613;0,77834;0,77834
"122";50;50;1;0;1;0,5;0,80152;0,79033;0,89115;0,81502;0,81502;0,80364;0,79391;0,89283;0,81657;0,81657
"123";50;50;1;0;1;1;0,90093;0,83601;0,93767;0,90229;0,90229;0,90201;0,83686;0,9385;0,90295;0,90295
"124";50;50;1;0;1;10;0,95486;0,94143;0,95737;0,95709;0,95709;0,95474;0,94072;0,95706;0,95687;0,95687
"125";50;50;1;0;1;2;0,95653;0,8937;0,96847;0,95948;0,95948;0,957;0,89203;0,96893;0,95996;0,95996
"126";50;50;1;0;1;4;0,96299;0,92769;0,96694;0,96531;0,96531;0,96286;0,92607;0,96658;0,96494;0,96494
