"Confidence.level";"n1";"n2";"m1-m2";"sd1/sd2";"Cohen_SCP";"Hedges_SCP";"Shieh_SCP";"transfoshieh_SCP"
"1";0,95;100;100;0;10;0,94875;0,94875;0,94943;0,94943
"2";0,95;100;100;0;4;0,94997;0,94997;0,95049;0,95049
"3";0,95;100;100;0;2;0,94972;0,94972;0,94994;0,94994
"4";0,95;100;100;0;1;0,9519;0,9519;0,95192;0,95192
"5";0,95;100;100;0;0,1;0,94934;0,94934;0,95006;0,95006
"6";0,95;100;100;0;0,5;0,95002;0,95002;0,95031;0,95031
"7";0,95;100;100;0;0,25;0,94985;0,94985;0,95054;0,95054
"8";0,95;100;100;1;10;0,93025;0,92621;0,95178;0,95178
"9";0,95;100;100;1;4;0,9333;0,92938;0,94988;0,94988
"10";0,95;100;100;1;2;0,94316;0,93972;0,94958;0,94958
"11";0,95;100;100;1;1;0,94929;0,9465;0,94949;0,94949
"12";0,95;100;100;1;0,1;0,9484;0,94804;0,95024;0,95024
"13";0,95;100;100;1;0,5;0,94706;0,94542;0,94977;0,94977
"14";0,95;100;100;1;0,25;0,948;0,94694;0,95083;0,95083
"15";0,95;100;100;2;10;0,90705;0,89992;0,95115;0,95115
"16";0,95;100;100;2;4;0,91559;0,90919;0,9509;0,9509
"17";0,95;100;100;2;2;0,9375;0,93161;0,95133;0,95133
"18";0,95;100;100;2;1;0,95053;0,94582;0,95087;0,95087
"19";0,95;100;100;2;0,1;0,94737;0,94645;0,95058;0,95058
"20";0,95;100;100;2;0,5;0,94411;0,94055;0,95061;0,95061
"21";0,95;100;100;2;0,25;0,94365;0,94164;0,95064;0,95064
"22";0,95;100;100;3;10;0,89683;0,88835;0,95208;0,95208
"23";0,95;100;100;3;4;0,90576;0,89677;0,94998;0,94998
"24";0,95;100;100;3;2;0,93163;0,92366;0,94965;0,94965
"25";0,95;100;100;3;1;0,95079;0,94521;0,95129;0,95129
"26";0,95;100;100;3;0,1;0,94519;0,94403;0,94996;0,94996
"27";0,95;100;100;3;0,5;0,93988;0,93479;0,9502;0,9502
"28";0,95;100;100;3;0,25;0,93957;0,93675;0,9512;0,9512
"29";0,95;100;100;4;10;0,88967;0,87962;0,95304;0,95304
"30";0,95;100;100;4;4;0,90231;0,89311;0,95173;0,95173
"31";0,95;100;100;4;2;0,92718;0,91878;0,94873;0,94873
"32";0,95;100;100;4;1;0,95192;0,94557;0,95261;0,95261
"33";0,95;100;100;4;0,1;0,94363;0,94199;0,94968;0,94968
"34";0,95;100;100;4;0,5;0,93683;0,93092;0,95103;0,95103
"35";0,95;100;100;4;0,25;0,93482;0,9308;0,95145;0,95145
"36";0,95;100;20;0;10;0,99977;0,99977;0,94999;0,94999
"37";0,95;100;20;0;4;0,99903;0,99903;0,94947;0,94947
"38";0,95;100;20;0;2;0,99344;0,99344;0,94923;0,94923
"39";0,95;100;20;0;1;0,95033;0,95033;0,94944;0,94944
"40";0,95;100;20;0;0,1;0,76504;0,76504;0,94968;0,94968
"41";0,95;100;20;0;0,5;0,85787;0,85787;0,9493;0,9493
"42";0,95;100;20;0;0,25;0,79377;0,79377;0,94932;0,94932
"43";0,95;100;20;1;10;0,99768;0,99737;0,95024;0,94818
"44";0,95;100;20;1;4;0,99618;0,99565;0,95284;0,95283
"45";0,95;100;20;1;2;0,98882;0,98764;0,94895;0,96723
"46";0,95;100;20;1;1;0,95012;0,94718;0,95052;0,96681
"47";0,95;100;20;1;0,1;0,76836;0,76742;0,95069;0,95072
"48";0,95;100;20;1;0,5;0,86158;0,85849;0,95199;0,95624
"49";0,95;100;20;1;0,25;0,79791;0,79596;0,95108;0,95173
"50";0,95;100;20;2;10;0,98921;0,9872;0,95113;0,94659
"51";0,95;100;20;2;4;0,98707;0,98467;0,95307;0,95265
"52";0,95;100;20;2;2;0,98108;0,97802;0,94545;0,97928
"53";0,95;100;20;2;1;0,95098;0,94637;0,94821;0,98022
"54";0,95;100;20;2;0,1;0,76551;0,76383;0,95108;0,95112
"55";0,95;100;20;2;0,5;0,86873;0,86255;0,95134;0,96217
"56";0,95;100;20;2;0,25;0,79572;0,79178;0,95212;0,95351
"57";0,95;100;20;3;10;0,97676;0,97205;0,95041;0,94568
"58";0,95;100;20;3;4;0,97549;0,97058;0,95425;0,95324
"59";0,95;100;20;3;2;0,97234;0,96756;0,94439;0,98495
"60";0,95;100;20;3;1;0,95212;0,94543;0,94798;0,98621
"61";0,95;100;20;3;0,1;0,76599;0,76316;0,95079;0,95097
"62";0,95;100;20;3;0,5;0,87757;0,86946;0,95293;0,96831
"63";0,95;100;20;3;0,25;0,79598;0,78977;0,95255;0,95532
"64";0,95;100;20;4;10;0,96634;0,95977;0,95333;0,94787
"65";0,95;100;20;4;4;0,96564;0,95895;0,95521;0,95372
"66";0,95;100;20;4;2;0,96473;0,95843;0,94108;0,98729
"67";0,95;100;20;4;1;0,95192;0,94447;0,94676;0,98941
"68";0,95;100;20;4;0,1;0,7664;0,76301;0,95154;0,9519
"69";0,95;100;20;4;0,5;0,88465;0,87495;0,95417;0,9721
"70";0,95;100;20;4;0,25;0,79693;0,7896;0,95351;0,95701
"71";0,95;100;50;0;10;0,98885;0,98885;0,94913;0,94913
"72";0,95;100;50;0;4;0,98698;0,98698;0,94942;0,94942
"73";0,95;100;50;0;2;0,97795;0,97795;0,95059;0,95059
"74";0,95;100;50;0;1;0,95019;0,95019;0,95014;0,95014
"75";0,95;100;50;0;0,1;0,87565;0,87565;0,94964;0,94964
"76";0,95;100;50;0;0,5;0,90926;0,90926;0,94935;0,94935
"77";0,95;100;50;0;0,25;0,88653;0,88653;0,94995;0,94995
"78";0,95;100;50;1;10;0,97467;0,97227;0,95022;0,94969
"79";0,95;100;50;1;4;0,97423;0,97194;0,94982;0,94724
"80";0,95;100;50;1;2;0,97046;0,96826;0,95208;0,95098
"81";0,95;100;50;1;1;0,9497;0,947;0,95041;0,95436
"82";0,95;100;50;1;0,1;0,87665;0,87586;0,95106;0,95107
"83";0,95;100;50;1;0,5;0,9105;0,90755;0,95062;0,9521
"84";0,95;100;50;1;0,25;0,88653;0,88464;0,95136;0,95167
"85";0,95;100;50;2;10;0,9539;0,94822;0,95087;0,94972
"86";0,95;100;50;2;4;0,95622;0,9509;0,95069;0,94527
"87";0,95;100;50;2;2;0,95925;0,95411;0,95304;0,94994
"88";0,95;100;50;2;1;0,94974;0,94451;0,94949;0,95971
"89";0,95;100;50;2;0,1;0,87609;0,87468;0,95047;0,95049
"90";0,95;100;50;2;0,5;0,90982;0,90501;0,94884;0,95415
"91";0,95;100;50;2;0,25;0,88117;0,87759;0,95064;0,95149
"92";0,95;100;50;3;10;0,93976;0,93155;0,95173;0,95044
"93";0,95;100;50;3;4;0,94334;0,93567;0,9515;0,94429
"94";0,95;100;50;3;2;0,94918;0,94276;0,95176;0,9476
"95";0,95;100;50;3;1;0,95206;0,94541;0,94904;0,96397
"96";0,95;100;50;3;0,1;0,87329;0,8711;0,95014;0,95021
"97";0,95;100;50;3;0,5;0,91028;0,9034;0,94943;0,95705
"98";0,95;100;50;3;0,25;0,87845;0,87398;0,95148;0,95284
"99";0,95;100;50;4;10;0,93264;0,92401;0,95425;0,95293
"100";0,95;100;50;4;4;0,93341;0,92487;0,95165;0,94266
"101";0,95;100;50;4;2;0,94554;0,93749;0,95348;0,94863
"102";0,95;100;50;4;1;0,95122;0,94407;0,94838;0,96563
"103";0,95;100;50;4;0,1;0,8705;0,86755;0,95076;0,95084
"104";0,95;100;50;4;0,5;0,91286;0,90468;0,94926;0,95935
"105";0,95;100;50;4;0,25;0,87452;0,86872;0,95088;0,95292
"106";0,95;20;100;0;10;0,76723;0,76723;0,94869;0,94869
"107";0,95;20;100;0;4;0,7946;0,7946;0,9487;0,9487
"108";0,95;20;100;0;2;0,85671;0,85671;0,95002;0,95002
"109";0,95;20;100;0;1;0,95014;0,95014;0,94998;0,94998
"110";0,95;20;100;0;0,1;0,9998;0,9998;0,95089;0,95089
"111";0,95;20;100;0;0,5;0,99362;0,99362;0,94909;0,94909
"112";0,95;20;100;0;0,25;0,99936;0,99936;0,9505;0,9505
"113";0,95;20;100;1;10;0,76145;0,75426;0,95283;0,95345
"114";0,95;20;100;1;4;0,79774;0,79041;0,95304;0,95688
"115";0,95;20;100;1;2;0,87052;0,86416;0,95276;0,96351
"116";0,95;20;100;1;1;0,94971;0,94688;0,95082;0,96642
"117";0,95;20;100;1;0,1;0,99978;0,99978;0,95084;0,95093
"118";0,95;20;100;1;0,5;0,99185;0,99139;0,95033;0,95773
"119";0,95;20;100;1;0,25;0,99901;0,99895;0,95075;0,95093
"120";0,95;20;100;2;10;0,75439;0,74346;0,95591;0,95669
"121";0,95;20;100;2;4;0,80191;0,79101;0,9555;0,96205
"122";0,95;20;100;2;2;0,88347;0,8739;0,95351;0,97183
"123";0,95;20;100;2;1;0,95039;0,94555;0,94809;0,9796
"124";0,95;20;100;2;0,1;0,99964;0,99962;0,94974;0,94951
"125";0,95;20;100;2;0,5;0,98913;0,98809;0,94904;0,96759
"126";0,95;20;100;2;0,25;0,99855;0,99841;0,95093;0,95103
"127";0,95;20;100;3;10;0,7539;0,742;0,95883;0,96016
"128";0,95;20;100;3;4;0,80346;0,79067;0,95691;0,96405
"129";0,95;20;100;3;2;0,89606;0,8847;0,95363;0,97586
"130";0,95;20;100;3;1;0,95148;0,94508;0,94586;0,9867
"131";0,95;20;100;3;0,1;0,99948;0,99946;0,94987;0,94938
"132";0,95;20;100;3;0,5;0,98511;0,98326;0,947;0,9747
"133";0,95;20;100;3;0,25;0,99751;0,99721;0,95238;0,95214
"134";0,95;20;100;4;10;0,75097;0,7381;0,95828;0,95981
"135";0,95;20;100;4;4;0,8091;0,79558;0,9584;0,96677
"136";0,95;20;100;4;2;0,90379;0,89156;0,95358;0,97802
"137";0,95;20;100;4;1;0,95268;0,94478;0,94599;0,98941
"138";0,95;20;100;4;0,1;0,99946;0,99943;0,94992;0,9495
"139";0,95;20;100;4;0,5;0,98075;0,97773;0,9456;0,97937
"140";0,95;20;100;4;0,25;0,99643;0,99594;0,95143;0,95168
"141";0,95;20;20;0;10;0,94627;0,94627;0,95033;0,95033
"142";0,95;20;20;0;4;0,94579;0,94579;0,94876;0,94876
"143";0,95;20;20;0;2;0,94738;0,94738;0,94872;0,94872
"144";0,95;20;20;0;1;0,94895;0,94895;0,94908;0,94908
"145";0,95;20;20;0;0,1;0,94454;0,94454;0,94857;0,94857
"146";0,95;20;20;0;0,5;0,94863;0,94863;0,94987;0,94987
"147";0,95;20;20;0;0,25;0,94693;0,94693;0,94989;0,94989
"148";0,95;20;20;1;10;0,92416;0,91302;0,9533;0,9533
"149";0,95;20;20;1;4;0,93104;0,92031;0,95316;0,95316
"150";0,95;20;20;1;2;0,94248;0,93311;0,95098;0,95098
"151";0,95;20;20;1;1;0,95069;0,94375;0,95179;0,95179
"152";0,95;20;20;1;0,1;0,94433;0,94332;0,95003;0,95003
"153";0,95;20;20;1;0,5;0,94679;0,9421;0,95159;0,95159
"154";0,95;20;20;1;0,25;0,94209;0,93915;0,94931;0,94931
"155";0,95;20;20;2;10;0,90651;0,88782;0,9565;0,9565
"156";0,95;20;20;2;4;0,91753;0,89929;0,95264;0,95264
"157";0,95;20;20;2;2;0,93855;0,92293;0,95154;0,95154
"158";0,95;20;20;2;1;0,95525;0,94258;0,95701;0,95701
"159";0,95;20;20;2;0,1;0,94236;0,94008;0,95102;0,95102
"160";0,95;20;20;2;0,5;0,94166;0,93249;0,95054;0,95054
"161";0,95;20;20;2;0,25;0,93896;0,9335;0,95048;0,95048
"162";0,95;20;20;3;10;0,89763;0,87517;0,95819;0,95819
"163";0,95;20;20;3;4;0,91044;0,88755;0,95423;0,95423
"164";0,95;20;20;3;2;0,9357;0,91581;0,95141;0,95141
"165";0,95;20;20;3;1;0,95721;0,94236;0,95933;0,95933
"166";0,95;20;20;3;0,1;0,9397;0,9364;0,95012;0,95012
"167";0,95;20;20;3;0,5;0,94066;0,92759;0,95186;0,95186
"168";0,95;20;20;3;0,25;0,93473;0,92682;0,95158;0,95158
"169";0,95;20;20;4;10;0,89372;0,86843;0,9579;0,9579
"170";0,95;20;20;4;4;0,90663;0,88113;0,95458;0,95458
"171";0,95;20;20;4;2;0,93494;0,91332;0,95241;0,95241
"172";0,95;20;20;4;1;0,95722;0,94043;0,96002;0,96002
"173";0,95;20;20;4;0,1;0,93863;0,93433;0,95085;0,95085
"174";0,95;20;20;4;0,5;0,93915;0,92319;0,95239;0,95239
"175";0,95;20;20;4;0,25;0,92921;0,91896;0,95174;0,95174
"176";0,95;20;50;0;10;0,84896;0,84896;0,94978;0,94978
"177";0,95;20;50;0;4;0,86237;0,86237;0,95039;0,95039
"178";0,95;20;50;0;2;0,8975;0,8975;0,95175;0,95175
"179";0,95;20;50;0;1;0,94998;0,94998;0,94968;0,94968
"180";0,95;20;50;0;0,1;0,99388;0,99388;0,94911;0,94911
"181";0,95;20;50;0;0,5;0,9835;0,9835;0,94994;0,94994
"182";0,95;20;50;0;0,25;0,99203;0,99203;0,95068;0,95068
"183";0,95;20;50;1;10;0,83435;0,82411;0,95372;0,95423
"184";0,95;20;50;1;4;0,85614;0,8461;0,95385;0,95645
"185";0,95;20;50;1;2;0,90003;0,89178;0,95043;0,95791
"186";0,95;20;50;1;1;0,95068;0,94646;0,95069;0,95877
"187";0,95;20;50;1;0,1;0,9938;0,99369;0,95073;0,95067
"188";0,95;20;50;1;0,5;0,97974;0,97816;0,95135;0,95206
"189";0,95;20;50;1;0,25;0,99034;0,98992;0,95043;0,95006
"190";0,95;20;50;2;10;0,82306;0,80747;0,95754;0,95839
"191";0,95;20;50;2;4;0,85132;0,83629;0,95557;0,9602
"192";0,95;20;50;2;2;0,90757;0,89493;0,95044;0,96346
"193";0,95;20;50;2;1;0,95245;0,94496;0,95027;0,96697
"194";0,95;20;50;2;0,1;0,99306;0,99277;0,95001;0,94987
"195";0,95;20;50;2;0,5;0,97468;0,97141;0,95184;0,95287
"196";0,95;20;50;2;0,25;0,98791;0,98678;0,95066;0,94917
"197";0,95;20;50;3;10;0,81711;0,79899;0,9569;0,95799
"198";0,95;20;50;3;4;0,8502;0,83274;0,95652;0,96171
"199";0,95;20;50;3;2;0,91366;0,89881;0,95236;0,96827
"200";0,95;20;50;3;1;0,95281;0,94303;0,94819;0,97104
"201";0,95;20;50;3;0,1;0,99216;0,99175;0,95061;0,95038
"202";0,95;20;50;3;0,5;0,9694;0,96389;0,95281;0,95493
"203";0,95;20;50;3;0,25;0,98444;0,98253;0,95002;0,94728
"204";0,95;20;50;4;10;0,8164;0,79718;0,95722;0,95832
"205";0,95;20;50;4;4;0,84851;0,82927;0,95547;0,9619
"206";0,95;20;50;4;2;0,91571;0,89922;0,95025;0,96809
"207";0,95;20;50;4;1;0,95521;0,94426;0,94829;0,97464
"208";0,95;20;50;4;0,1;0,9911;0,99033;0,94966;0,94947
"209";0,95;20;50;4;0,5;0,96475;0,95764;0,95361;0,95633
"210";0,95;20;50;4;0,25;0,9812;0,9783;0,95179;0,94796
"211";0,95;50;100;0;10;0,87634;0,87634;0,94894;0,94894
"212";0,95;50;100;0;4;0,88494;0,88494;0,9503;0,9503
"213";0,95;50;100;0;2;0,90921;0,90921;0,94977;0,94977
"214";0,95;50;100;0;1;0,94983;0,94983;0,94981;0,94981
"215";0,95;50;100;0;0,1;0,98932;0,98932;0,95029;0,95029
"216";0,95;50;100;0;0,5;0,97694;0,97694;0,94967;0,94967
"217";0,95;50;100;0;0,25;0,98629;0,98629;0,95125;0,95125
"218";0,95;50;100;1;10;0,85817;0,85197;0,95113;0,95156
"219";0,95;50;100;1;4;0,87676;0,87046;0,9516;0,9535
"220";0,95;50;100;1;2;0,91159;0,90675;0,95106;0,95619
"221";0,95;50;100;1;1;0,95036;0,9474;0,94963;0,95383
"222";0,95;50;100;1;0,1;0,98929;0,98916;0,95037;0,95039
"223";0,95;50;100;1;0,5;0,97422;0,97305;0,9504;0,94989
"224";0,95;50;100;1;0,25;0,98421;0,98383;0,9498;0,94941
"225";0,95;50;100;2;10;0,84555;0,83557;0,95333;0,95391
"226";0,95;50;100;2;4;0,86833;0,85884;0,95311;0,9567
"227";0,95;50;100;2;2;0,91339;0,9055;0,9512;0,96162
"228";0,95;50;100;2;1;0,95182;0,94696;0,94943;0,9605
"229";0,95;50;100;2;0,1;0,98778;0,98748;0,95105;0,95094
"230";0,95;50;100;2;0,5;0,96961;0,96721;0,95149;0,95033
"231";0,95;50;100;2;0,25;0,98181;0,98079;0,95056;0,94955
"232";0,95;50;100;3;10;0,83742;0,82614;0,95394;0,95469
"233";0,95;50;100;3;4;0,86316;0,85183;0,95192;0,95668
"234";0,95;50;100;3;2;0,91313;0,90325;0,94762;0,96102
"235";0,95;50;100;3;1;0,95168;0,94514;0,94794;0,96354
"236";0,95;50;100;3;0,1;0,98578;0,98519;0,94873;0,94865
"237";0,95;50;100;3;0,5;0,96366;0,95986;0,95158;0,94913
"238";0,95;50;100;3;0,25;0,97823;0,97669;0,95087;0,9491
"239";0,95;50;100;4;10;0,8381;0,82577;0,95303;0,95399
"240";0,95;50;100;4;4;0,86229;0,84787;0,9518;0,9566
"241";0,95;50;100;4;2;0,91355;0,90318;0,94923;0,96302
"242";0,95;50;100;4;1;0,95184;0,94443;0,94708;0,96544
"243";0,95;50;100;4;0,1;0,98595;0,98538;0,95116;0,95098
"244";0,95;50;100;4;0,5;0,95912;0,95421;0,95214;0,94927
"245";0,95;50;100;4;0,25;0,973;0,97064;0,94943;0,9465
"246";0,95;50;20;0;10;0,99399;0,99399;0,9495;0,9495
"247";0,95;50;20;0;4;0,9919;0,9919;0,94992;0,94992
"248";0,95;50;20;0;2;0,98409;0,98409;0,95048;0,95048
"249";0,95;50;20;0;1;0,95015;0,95015;0,95014;0,95014
"250";0,95;50;20;0;0,1;0,84987;0,84987;0,95023;0,95023
"251";0,95;50;20;0;0,5;0,8936;0,8936;0,94831;0,94831
"252";0,95;50;20;0;0,25;0,86046;0,86046;0,94971;0,94971
"253";0,95;50;20;1;10;0,98296;0,98011;0,9509;0,94981
"254";0,95;50;20;1;4;0,98122;0,97873;0,95138;0,94833
"255";0,95;50;20;1;2;0,97631;0,97301;0,95408;0,95525
"256";0,95;50;20;1;1;0,95215;0,94756;0,95077;0,95918
"257";0,95;50;20;1;0,1;0,8475;0,84647;0,95035;0,95041
"258";0,95;50;20;1;0,5;0,89745;0,8926;0,95037;0,95337
"259";0,95;50;20;1;0,25;0,85974;0,85687;0,94998;0,95047
"260";0,95;50;20;2;10;0,96275;0,95614;0,95149;0,94966
"261";0,95;50;20;2;4;0,96438;0,95736;0,95256;0,94497
"262";0,95;50;20;2;2;0,9643;0,95742;0,95488;0,95617
"263";0,95;50;20;2;1;0,95193;0,94435;0,94855;0,96585
"264";0,95;50;20;2;0,1;0,84513;0,84275;0,95058;0,95064
"265";0,95;50;20;2;0,5;0,90136;0,89269;0,95097;0,95781
"266";0,95;50;20;2;0,25;0,85871;0,85321;0,95144;0,95249
"267";0,95;50;20;3;10;0,94964;0,93879;0,95262;0,95017
"268";0,95;50;20;3;4;0,95332;0,94282;0,95454;0,94499
"269";0,95;50;20;3;2;0,95691;0,94745;0,95668;0,9588
"270";0,95;50;20;3;1;0,95424;0,94529;0,94771;0,97118
"271";0,95;50;20;3;0,1;0,84495;0,84146;0,95053;0,95061
"272";0,95;50;20;3;0,5;0,90444;0,89296;0,9514;0,96188
"273";0,95;50;20;3;0,25;0,85771;0,84971;0,95321;0,95526
"274";0,95;50;20;4;10;0,94124;0,92832;0,95296;0,9505
"275";0,95;50;20;4;4;0,94481;0,93197;0,95397;0,94328
"276";0,95;50;20;4;2;0,95317;0,94158;0,95756;0,96083
"277";0,95;50;20;4;1;0,95322;0,94201;0,94689;0,97301
"278";0,95;50;20;4;0,1;0,84259;0,83781;0,95183;0,95196
"279";0,95;50;20;4;0,5;0,9072;0,89451;0,95096;0,96443
"280";0,95;50;20;4;0,25;0,85678;0,84703;0,95423;0,95698
"281";0,95;50;50;0;10;0,94903;0,94903;0,95044;0,95044
"282";0,95;50;50;0;4;0,94951;0,94951;0,9507;0,9507
"283";0,95;50;50;0;2;0,9495;0,9495;0,95013;0,95013
"284";0,95;50;50;0;1;0,95066;0,95066;0,95067;0,95067
"285";0,95;50;50;0;0,1;0,94847;0,94847;0,95001;0,95001
"286";0,95;50;50;0;0,5;0,94757;0,94757;0,94814;0,94814
"287";0,95;50;50;0;0,25;0,94888;0,94888;0,95017;0,95017
"288";0,95;50;50;1;10;0,92804;0,92196;0,95178;0,95178
"289";0,95;50;50;1;4;0,93214;0,92605;0,95099;0,95099
"290";0,95;50;50;1;2;0,94184;0,93656;0,94883;0,94883
"291";0,95;50;50;1;1;0,95128;0,94735;0,95148;0,95148
"292";0,95;50;50;1;0,1;0,94721;0,94653;0,94992;0,94992
"293";0,95;50;50;1;0,5;0,94709;0,94453;0,95053;0,95053
"294";0,95;50;50;1;0,25;0,94651;0,94503;0,95048;0,95048
"295";0,95;50;50;2;10;0,90686;0,89665;0,95267;0,95267
"296";0,95;50;50;2;4;0,91762;0,90705;0,95227;0,95227
"297";0,95;50;50;2;2;0,93667;0,92783;0,95052;0,95052
"298";0,95;50;50;2;1;0,95235;0,94557;0,95321;0,95321
"299";0,95;50;50;2;0,1;0,94673;0,94544;0,95083;0,95083
"300";0,95;50;50;2;0,5;0,94456;0,93923;0,95139;0,95139
"301";0,95;50;50;2;0,25;0,94103;0,93801;0,94972;0,94972
"302";0,95;50;50;3;10;0,89502;0,88221;0,95282;0,95282
"303";0,95;50;50;3;4;0,90718;0,89445;0,95161;0,95161
"304";0,95;50;50;3;2;0,93159;0,92121;0,94965;0,94965
"305";0,95;50;50;3;1;0,95358;0,9451;0,95455;0,95455
"306";0,95;50;50;3;0,1;0,94308;0,9413;0,94953;0,94953
"307";0,95;50;50;3;0,5;0,93862;0,93149;0,94981;0,94981
"308";0,95;50;50;3;0,25;0,93808;0,93352;0,95107;0,95107
"309";0,95;50;50;4;10;0,89154;0,8776;0,9529;0,9529
"310";0,95;50;50;4;4;0,90085;0,88661;0,94974;0,94974
"311";0,95;50;50;4;2;0,93114;0,91904;0,95026;0,95026
"312";0,95;50;50;4;1;0,9519;0,94265;0,9532;0,9532
"313";0,95;50;50;4;0,1;0,94038;0,93773;0,94884;0,94884
"314";0,95;50;50;4;0,5;0,93779;0,92861;0,95147;0,95147
"315";0,95;50;50;4;0,25;0,93287;0,92751;0,95127;0,95127
