"Confidence.level";"n1";"n2";"m1-m2";"sd1/sd2";"Cohen_SCP";"Hedges_SCP";"Shieh_SCP";"transfoshieh_SCP"
"1";0,95;100;100;0;10;0,94807;0,94807;0,9494;0,9494
"2";0,95;100;100;0;4;0,94895;0,94895;0,95014;0,95014
"3";0,95;100;100;0;2;0,94931;0,94931;0,94974;0,94974
"4";0,95;100;100;0;1;0,95019;0,95019;0,95019;0,95019
"5";0,95;100;100;0;0,1;0,94762;0,94762;0,94889;0,94889
"6";0,95;100;100;0;0,5;0,94947;0,94947;0,95;0,95
"7";0,95;100;100;0;0,25;0,94919;0,94919;0,95016;0,95016
"8";0,95;100;100;1;10;0,92818;0,92804;0,95122;0,95122
"9";0,95;100;100;1;4;0,93308;0,9333;0,95064;0,95064
"10";0,95;100;100;1;2;0,94392;0,94405;0,95099;0,95099
"11";0,95;100;100;1;1;0,94989;0,9502;0,95002;0,95002
"12";0,95;100;100;1;0,1;0,94912;0,9492;0,95064;0,95064
"13";0,95;100;100;1;0,5;0,94809;0,94778;0,95052;0,95052
"14";0,95;100;100;1;0,25;0,94792;0,94804;0,94991;0,94991
"15";0,95;100;100;2;10;0,89728;0,89747;0,95348;0,95348
"16";0,95;100;100;2;4;0,90831;0,90806;0,95198;0,95198
"17";0,95;100;100;2;2;0,93378;0,9334;0,95197;0,95197
"18";0,95;100;100;2;1;0,95164;0,95203;0,95192;0,95192
"19";0,95;100;100;2;0,1;0,94745;0,94754;0,94981;0,94981
"20";0,95;100;100;2;0,5;0,94319;0,94307;0,95036;0,95036
"21";0,95;100;100;2;0,25;0,94696;0,94711;0,95277;0,95277
"22";0,95;100;100;3;10;0,87628;0,87609;0,95294;0,95294
"23";0,95;100;100;3;4;0,89002;0,88984;0,95145;0,95145
"24";0,95;100;100;3;2;0,92572;0,92565;0,95236;0,95236
"25";0,95;100;100;3;1;0,95055;0,95038;0,95122;0,95122
"26";0,95;100;100;3;0,1;0,94547;0,94548;0,94904;0,94904
"27";0,95;100;100;3;0,5;0,93813;0,93791;0,95026;0,95026
"28";0,95;100;100;3;0,25;0,93928;0,93909;0,95037;0,95037
"29";0,95;100;100;4;10;0,86458;0,86455;0,95191;0,95191
"30";0,95;100;100;4;4;0,8829;0,88302;0,95398;0,95398
"31";0,95;100;100;4;2;0,92104;0,9206;0,95196;0,95196
"32";0,95;100;100;4;1;0,9531;0,9528;0,95391;0,95391
"33";0,95;100;100;4;0,1;0,94416;0,94408;0,94985;0,94985
"34";0,95;100;100;4;0,5;0,93395;0,93439;0,95138;0,95138
"35";0,95;100;100;4;0,25;0,932;0,93145;0,94997;0,94997
"36";0,95;100;20;0;10;0,99996;0,99996;0,95067;0,95067
"37";0,95;100;20;0;4;0,99987;0,99987;0,94947;0,94947
"38";0,95;100;20;0;2;0,99693;0,99693;0,95142;0,95142
"39";0,95;100;20;0;1;0,95082;0,95082;0,9502;0,9502
"40";0,95;100;20;0;0,1;0,62014;0,62014;0,95061;0,95061
"41";0,95;100;20;0;0,5;0,79788;0,79788;0,9496;0,9496
"42";0,95;100;20;0;0,25;0,67371;0,67371;0,94919;0,94919
"43";0,95;100;20;1;10;0,99953;0,99948;0,95121;0,94904
"44";0,95;100;20;1;4;0,99901;0,99891;0,9529;0,95163
"45";0,95;100;20;1;2;0,99487;0,99469;0,95109;0,96414
"46";0,95;100;20;1;1;0,95077;0,95096;0,95097;0,96319
"47";0,95;100;20;1;0,1;0,61667;0,61664;0,94963;0,94962
"48";0,95;100;20;1;0,5;0,80238;0,80261;0,95139;0,95416
"49";0,95;100;20;1;0,25;0,67547;0,67547;0,9502;0,95046
"50";0,95;100;20;2;10;0,99582;0,99509;0,95323;0,94814
"51";0,95;100;20;2;4;0,99491;0,99416;0,95663;0,95257
"52";0,95;100;20;2;2;0,98956;0,9891;0,95427;0,98074
"53";0,95;100;20;2;1;0,95216;0,95216;0,95246;0,98156
"54";0,95;100;20;2;0,1;0,61908;0,61936;0,94879;0,94881
"55";0,95;100;20;2;0,5;0,81286;0,81333;0,95221;0,96118
"56";0,95;100;20;2;0,25;0,67541;0,67539;0,95008;0,95111
"57";0,95;100;20;3;10;0,98729;0,98622;0,95226;0,94607
"58";0,95;100;20;3;4;0,98583;0,98522;0,95723;0,95208
"59";0,95;100;20;3;2;0,98155;0,98094;0,95406;0,9875
"60";0,95;100;20;3;1;0,95287;0,95266;0,95375;0,98977
"61";0,95;100;20;3;0,1;0,61984;0,61984;0,9503;0,95026
"62";0,95;100;20;3;0,5;0,82712;0,82771;0,95559;0,96981
"63";0,95;100;20;3;0,25;0,68165;0,68156;0,95155;0,95362
"64";0,95;100;20;4;10;0,97656;0,97541;0,95465;0,94765
"65";0,95;100;20;4;4;0,97449;0,97391;0,95779;0,9519
"66";0,95;100;20;4;2;0,97262;0,97225;0,95523;0,9905
"67";0,95;100;20;4;1;0,95312;0,95334;0,95526;0,99366
"68";0,95;100;20;4;0,1;0,61865;0,61903;0,95111;0,9512
"69";0,95;100;20;4;0,5;0,84222;0,84237;0,95692;0,97495
"70";0,95;100;20;4;0,25;0,687;0,68745;0,9545;0,95773
"71";0,95;100;50;0;10;0,99319;0,99319;0,94973;0,94973
"72";0,95;100;50;0;4;0,99159;0,99159;0,95188;0,95188
"73";0,95;100;50;0;2;0,98345;0,98345;0,94927;0,94927
"74";0,95;100;50;0;1;0,94979;0,94979;0,94987;0,94987
"75";0,95;100;50;0;0,1;0,83351;0,83351;0,95086;0,95086
"76";0,95;100;50;0;0,5;0,88859;0,88859;0,94894;0,94894
"77";0,95;100;50;0;0,25;0,8476;0,8476;0,94892;0,94892
"78";0,95;100;50;1;10;0,98462;0,98429;0,95111;0,95043
"79";0,95;100;50;1;4;0,98419;0,98373;0,95102;0,94813
"80";0,95;100;50;1;2;0,97729;0,97701;0,95086;0,94897
"81";0,95;100;50;1;1;0,94956;0,9499;0,94992;0,95385
"82";0,95;100;50;1;0,1;0,83096;0,83086;0,9502;0,9502
"83";0,95;100;50;1;0,5;0,89214;0,892;0,95096;0,95238
"84";0,95;100;50;1;0,25;0,84977;0,84979;0,94966;0,94982
"85";0,95;100;50;2;10;0,96328;0,9626;0,95193;0,95049
"86";0,95;100;50;2;4;0,96382;0,96323;0,95214;0,94517
"87";0,95;100;50;2;2;0,96617;0,96559;0,95342;0,94883
"88";0,95;100;50;2;1;0,95159;0,95141;0,95114;0,96178
"89";0,95;100;50;2;0,1;0,83385;0,83383;0,94997;0,94994
"90";0,95;100;50;2;0,5;0,89235;0,89239;0,9507;0,9556
"91";0,95;100;50;2;0,25;0,84732;0,8471;0,94985;0,95027
"92";0,95;100;50;3;10;0,94313;0,94203;0,95308;0,95121
"93";0,95;100;50;3;4;0,94665;0,94586;0,9527;0,94441
"94";0,95;100;50;3;2;0,9543;0,95427;0,95299;0,94726
"95";0,95;100;50;3;1;0,95186;0,95172;0,95202;0,9668
"96";0,95;100;50;3;0,1;0,83041;0,83033;0,94997;0,94999
"97";0,95;100;50;3;0,5;0,89378;0,89395;0,95102;0,95927
"98";0,95;100;50;3;0,25;0,84088;0,84051;0,95004;0,95142
"99";0,95;100;50;4;10;0,92787;0,92708;0,95322;0,95118
"100";0,95;100;50;4;4;0,93345;0,93306;0,9525;0,94238
"101";0,95;100;50;4;2;0,94635;0,94602;0,95443;0,948
"102";0,95;100;50;4;1;0,95268;0,9523;0,95278;0,97117
"103";0,95;100;50;4;0,1;0,83166;0,83175;0,95074;0,95081
"104";0,95;100;50;4;0,5;0,89511;0,89502;0,95177;0,96262
"105";0,95;100;50;4;0,25;0,83887;0,83856;0,95027;0,95238
"106";0,95;20;100;0;10;0,61801;0,61801;0,94916;0,94916
"107";0,95;20;100;0;4;0,67382;0,67382;0,95006;0,95006
"108";0,95;20;100;0;2;0,79917;0,79917;0,94912;0,94912
"109";0,95;20;100;0;1;0,95005;0,95005;0,94911;0,94911
"110";0,95;20;100;0;0,1;0,99996;0,99996;0,94992;0,94992
"111";0,95;20;100;0;0,5;0,99698;0,99698;0,94928;0,94928
"112";0,95;20;100;0;0,25;0,99975;0,99975;0,95001;0,95001
"113";0,95;20;100;1;10;0,61775;0,6188;0,95402;0,9545
"114";0,95;20;100;1;4;0,68633;0,68676;0,95509;0,9578
"115";0,95;20;100;1;2;0,81329;0,81361;0,95339;0,96184
"116";0,95;20;100;1;1;0,95049;0,95059;0,95061;0,96305
"117";0,95;20;100;1;0,1;0,99998;0,99998;0,94968;0,9496
"118";0,95;20;100;1;0,5;0,99656;0,99654;0,94924;0,95411
"119";0,95;20;100;1;0,25;0,9998;0,99979;0,95064;0,95102
"120";0,95;20;100;2;10;0,62082;0,62108;0,96044;0,96142
"121";0,95;20;100;2;4;0,70386;0,70368;0,9591;0,96564
"122";0,95;20;100;2;2;0,84017;0,84075;0,95623;0,97435
"123";0,95;20;100;2;1;0,95171;0,95166;0,95278;0,9812
"124";0,95;20;100;2;0,1;0,99994;0,99994;0,94907;0,94864
"125";0,95;20;100;2;0,5;0,99516;0,99505;0,95042;0,96512
"126";0,95;20;100;2;0,25;0,99975;0,99975;0,95061;0,95012
"127";0,95;20;100;3;10;0,61833;0,61977;0,96074;0,96201
"128";0,95;20;100;3;4;0,71525;0,71546;0,96012;0,96781
"129";0,95;20;100;3;2;0,8623;0,86365;0,95847;0,98062
"130";0,95;20;100;3;1;0,95079;0,95094;0,95407;0,98913
"131";0,95;20;100;3;0,1;0,99995;0,99995;0,94914;0,94859
"132";0,95;20;100;3;0,5;0,99288;0,99271;0,95303;0,97463
"133";0,95;20;100;3;0,25;0,99947;0,99938;0,95002;0,94909
"134";0,95;20;100;4;10;0,6213;0,62206;0,962;0,96327
"135";0,95;20;100;4;4;0,72009;0,72043;0,96239;0,97038
"136";0,95;20;100;4;2;0,87666;0,87714;0,95963;0,98296
"137";0,95;20;100;4;1;0,95298;0,95308;0,9557;0,99418
"138";0,95;20;100;4;0,1;0,99994;0,99994;0,95137;0,95115
"139";0,95;20;100;4;0,5;0,98966;0,98918;0,95506;0,98171
"140";0,95;20;100;4;0,25;0,99916;0,99902;0,95278;0,95127
"141";0,95;20;20;0;10;0,94368;0,94368;0,95065;0,95065
"142";0,95;20;20;0;4;0,94413;0,94413;0,94945;0,94945
"143";0,95;20;20;0;2;0,94889;0,94889;0,9511;0,9511
"144";0,95;20;20;0;1;0,9522;0,9522;0,95251;0,95251
"145";0,95;20;20;0;0,1;0,94381;0,94381;0,95065;0,95065
"146";0,95;20;20;0;0,5;0,94846;0,94846;0,95094;0,95094
"147";0,95;20;20;0;0,25;0,94387;0,94387;0,94916;0,94916
"148";0,95;20;20;1;10;0,92865;0,92769;0,9548;0,9548
"149";0,95;20;20;1;4;0,93389;0,93299;0,95214;0,95214
"150";0,95;20;20;1;2;0,94571;0,94575;0,95266;0,95266
"151";0,95;20;20;1;1;0,95298;0,95268;0,9538;0,9538
"152";0,95;20;20;1;0,1;0,94332;0,94329;0,95024;0,95024
"153";0,95;20;20;1;0,5;0,94605;0,94643;0,94973;0,94973
"154";0,95;20;20;1;0,25;0,94373;0,94352;0,94955;0,94955
"155";0,95;20;20;2;10;0,90584;0,90429;0,9583;0,9583
"156";0,95;20;20;2;4;0,91634;0,91547;0,95692;0,95692
"157";0,95;20;20;2;2;0,94072;0,93954;0,95552;0,95552
"158";0,95;20;20;2;1;0,95501;0,95438;0,95638;0,95638
"159";0,95;20;20;2;0,1;0,94271;0,9428;0,95083;0,95083
"160";0,95;20;20;2;0,5;0,9456;0,94485;0,95224;0,95224
"161";0,95;20;20;2;0,25;0,94029;0,93988;0,9492;0,9492
"162";0,95;20;20;3;10;0,88847;0,88736;0,96004;0,96004
"163";0,95;20;20;3;4;0,90523;0,90417;0,95846;0,95846
"164";0,95;20;20;3;2;0,93678;0,93531;0,95829;0,95829
"165";0,95;20;20;3;1;0,9584;0,95819;0,96079;0,96079
"166";0,95;20;20;3;0,1;0,94203;0,94149;0,95052;0,95052
"167";0,95;20;20;3;0,5;0,9429;0,9423;0,9535;0,9535
"168";0,95;20;20;3;0,25;0,93723;0,93743;0,95036;0,95036
"169";0,95;20;20;4;10;0,87835;0,87827;0,96074;0,96074
"170";0,95;20;20;4;4;0,89775;0,89671;0,96027;0,96027
"171";0,95;20;20;4;2;0,9339;0,93264;0,95885;0,95885
"172";0,95;20;20;4;1;0,9604;0,95955;0,96298;0,96298
"173";0,95;20;20;4;0,1;0,93938;0,93903;0,94961;0,94961
"174";0,95;20;20;4;0,5;0,93988;0,93923;0,95468;0,95468
"175";0,95;20;20;4;0,25;0,93433;0,93377;0,95302;0,95302
"176";0,95;20;50;0;10;0,77932;0,77932;0,94923;0,94923
"177";0,95;20;50;0;4;0,80561;0,80561;0,94859;0,94859
"178";0,95;20;50;0;2;0,86537;0,86537;0,94844;0,94844
"179";0,95;20;50;0;1;0,95114;0,95114;0,95005;0,95005
"180";0,95;20;50;0;0,1;0,99706;0,99706;0,95008;0,95008
"181";0,95;20;50;0;0,5;0,98792;0,98792;0,95068;0,95068
"182";0,95;20;50;0;0,25;0,99591;0,99591;0,94963;0,94963
"183";0,95;20;50;1;10;0,76861;0,76917;0,95399;0,95451
"184";0,95;20;50;1;4;0,80253;0,8033;0,95345;0,95577
"185";0,95;20;50;1;2;0,87256;0,87281;0,9516;0,95766
"186";0,95;20;50;1;1;0,95223;0,95198;0,9511;0,95716
"187";0,95;20;50;1;0,1;0,99679;0,99679;0,94917;0,94916
"188";0,95;20;50;1;0,5;0,98766;0,98741;0,95073;0,95052
"189";0,95;20;50;1;0,25;0,99514;0,99522;0,95052;0,9501
"190";0,95;20;50;2;10;0,7585;0,75861;0,95999;0,96076
"191";0,95;20;50;2;4;0,80443;0,80455;0,95896;0,96341
"192";0,95;20;50;2;2;0,88738;0,88757;0,95589;0,96841
"193";0,95;20;50;2;1;0,95315;0,95279;0,95291;0,9673
"194";0,95;20;50;2;0,1;0,99701;0,99698;0,95016;0,95003
"195";0,95;20;50;2;0,5;0,98448;0,98407;0,95367;0,95278
"196";0,95;20;50;2;0,25;0,99408;0,99385;0,95037;0,94907
"197";0,95;20;50;3;10;0,75188;0,75322;0,96173;0,96272
"198";0,95;20;50;3;4;0,80242;0,8024;0,95947;0,96523
"199";0,95;20;50;3;2;0,89523;0,89598;0,95649;0,97348
"200";0,95;20;50;3;1;0,95374;0,95386;0,95389;0,97574
"201";0,95;20;50;3;0,1;0,99681;0,99687;0,9511;0,95089
"202";0,95;20;50;3;0,5;0,97928;0,97854;0,95424;0,95344
"203";0,95;20;50;3;0,25;0,99252;0,99211;0,95043;0,94793
"204";0,95;20;50;4;10;0,74637;0,74745;0,962;0,96307
"205";0,95;20;50;4;4;0,79991;0,79971;0,96205;0,96797
"206";0,95;20;50;4;2;0,89964;0,90005;0,9579;0,97534
"207";0,95;20;50;4;1;0,95601;0,95564;0,95585;0,98072
"208";0,95;20;50;4;0,1;0,99649;0,99631;0,95126;0,95086
"209";0,95;20;50;4;0,5;0,975;0,97433;0,95659;0,95601
"210";0,95;20;50;4;0,25;0,99027;0,98969;0,9522;0,94822
"211";0,95;50;100;0;10;0,83286;0,83286;0,9489;0,9489
"212";0,95;50;100;0;4;0,84871;0,84871;0,95038;0,95038
"213";0,95;50;100;0;2;0,89092;0,89092;0,95069;0,95069
"214";0,95;50;100;0;1;0,95047;0,95047;0,95015;0,95015
"215";0,95;50;100;0;0,1;0,9935;0,9935;0,95043;0,95043
"216";0,95;50;100;0;0,5;0,98318;0,98318;0,95041;0,95041
"217";0,95;50;100;0;0,25;0,99134;0,99134;0,94989;0,94989
"218";0,95;50;100;1;10;0,81703;0,81682;0,95303;0,95338
"219";0,95;50;100;1;4;0,84088;0,84097;0,95245;0,95442
"220";0,95;50;100;1;2;0,89174;0,89144;0,95082;0,95566
"221";0,95;50;100;1;1;0,95067;0,9506;0,95065;0,95431
"222";0,95;50;100;1;0,1;0,99298;0,99297;0,94928;0,94923
"223";0,95;50;100;1;0,5;0,98117;0,98114;0,94955;0,94908
"224";0,95;50;100;1;0,25;0,99086;0,99085;0,94928;0,94908
"225";0,95;50;100;2;10;0,7928;0,79275;0,9532;0,95395
"226";0,95;50;100;2;4;0,82614;0,82653;0,95482;0,95867
"227";0,95;50;100;2;2;0,89564;0,89603;0,95255;0,96267
"228";0,95;50;100;2;1;0,951;0,95117;0,95189;0,96249
"229";0,95;50;100;2;0,1;0,99309;0,99306;0,94975;0,94973
"230";0,95;50;100;2;0,5;0,97706;0,97688;0,95072;0,94931
"231";0,95;50;100;2;0,25;0,9891;0,98914;0,94985;0,94917
"232";0,95;50;100;3;10;0,78197;0,78159;0,95518;0,95597
"233";0,95;50;100;3;4;0,82014;0,8201;0,95477;0,96009
"234";0,95;50;100;3;2;0,8969;0,89691;0,9529;0,96664
"235";0,95;50;100;3;1;0,95192;0,95221;0,95278;0,9679
"236";0,95;50;100;3;0,1;0,99273;0,99266;0,95055;0,95049
"237";0,95;50;100;3;0,5;0,97188;0,97185;0,95284;0,94943
"238";0,95;50;100;3;0,25;0,98693;0,98675;0,95003;0,94818
"239";0,95;50;100;4;10;0,77411;0,77456;0,9565;0,95756
"240";0,95;50;100;4;4;0,81583;0,81428;0,95377;0,95965
"241";0,95;50;100;4;2;0,89939;0,89913;0,95449;0,96945
"242";0,95;50;100;4;1;0,95332;0,95365;0,95303;0,97209
"243";0,95;50;100;4;0,1;0,99204;0,99185;0,95044;0,95029
"244";0,95;50;100;4;0,5;0,9654;0,96492;0,95326;0,94844
"245";0,95;50;100;4;0,25;0,9842;0,98399;0,95144;0,94846
"246";0,95;50;20;0;10;0,99732;0,99732;0,94997;0,94997
"247";0,95;50;20;0;4;0,99552;0,99552;0,95031;0,95031
"248";0,95;50;20;0;2;0,98797;0,98797;0,94909;0,94909
"249";0,95;50;20;0;1;0,94825;0,94825;0,94862;0,94862
"250";0,95;50;20;0;0,1;0,78065;0,78065;0,94929;0,94929
"251";0,95;50;20;0;0,5;0,86588;0,86588;0,94947;0,94947
"252";0,95;50;20;0;0,25;0,80352;0,80352;0,95001;0,95001
"253";0,95;50;20;1;10;0,99208;0,99143;0,95252;0,95135
"254";0,95;50;20;1;4;0,99053;0,98993;0,95187;0,94784
"255";0,95;50;20;1;2;0,98399;0,98351;0,95196;0,95196
"256";0,95;50;20;1;1;0,9508;0,95065;0,95065;0,9557
"257";0,95;50;20;1;0,1;0,77914;0,77925;0,94921;0,9492
"258";0,95;50;20;1;0,5;0,86737;0,86752;0,94947;0,95142
"259";0,95;50;20;1;0,25;0,80191;0,80201;0,94939;0,94963
"260";0,95;50;20;2;10;0,97685;0,97529;0,95383;0,95166
"261";0,95;50;20;2;4;0,97625;0,97447;0,95328;0,94483
"262";0,95;50;20;2;2;0,97437;0,97341;0,95505;0,95454
"263";0,95;50;20;2;1;0,95288;0,95277;0,9527;0,96789
"264";0,95;50;20;2;0,1;0,78012;0,77989;0,94998;0,94999
"265";0,95;50;20;2;0,5;0,87324;0,87338;0,95191;0,95751
"266";0,95;50;20;2;0,25;0,80587;0,80599;0,95092;0,95171
"267";0,95;50;20;3;10;0,9602;0,95859;0,95596;0,95301
"268";0,95;50;20;3;4;0,96125;0,95896;0,95571;0,94414
"269";0,95;50;20;3;2;0,96385;0,96263;0,95839;0,95818
"270";0,95;50;20;3;1;0,95444;0,95419;0,95344;0,97529
"271";0,95;50;20;3;0,1;0,77739;0,77708;0,95088;0,95101
"272";0,95;50;20;3;0,5;0,88242;0,88373;0,95562;0,96504
"273";0,95;50;20;3;0,25;0,80432;0,80484;0,95226;0,95353
"274";0,95;50;20;4;10;0,94604;0,94441;0,95464;0,95172
"275";0,95;50;20;4;4;0,94897;0,94771;0,95537;0,94377
"276";0,95;50;20;4;2;0,95638;0,95516;0,96066;0,95968
"277";0,95;50;20;4;1;0,95583;0,95578;0,95565;0,98028
"278";0,95;50;20;4;0,1;0,77593;0,77608;0,95045;0,9505
"279";0,95;50;20;4;0,5;0,88678;0,88704;0,95481;0,96794
"280";0,95;50;20;4;0,25;0,805;0,80453;0,954;0,95626
"281";0,95;50;50;0;10;0,94683;0,94683;0,94953;0,94953
"282";0,95;50;50;0;4;0,94868;0,94868;0,95111;0,95111
"283";0,95;50;50;0;2;0,94835;0,94835;0,94943;0,94943
"284";0,95;50;50;0;1;0,95083;0,95083;0,95089;0,95089
"285";0,95;50;50;0;0,1;0,94732;0,94732;0,94989;0,94989
"286";0,95;50;50;0;0,5;0,9483;0,9483;0,94915;0,94915
"287";0,95;50;50;0;0,25;0,9472;0,9472;0,94915;0,94915
"288";0,95;50;50;1;10;0,9281;0,92811;0,9515;0,9515
"289";0,95;50;50;1;4;0,93305;0,9327;0,95091;0,95091
"290";0,95;50;50;1;2;0,94404;0,94407;0,95061;0,95061
"291";0,95;50;50;1;1;0,95016;0,95009;0,95045;0,95045
"292";0,95;50;50;1;0,1;0,94716;0,94709;0,94984;0,94984
"293";0,95;50;50;1;0,5;0,94832;0,94802;0,95076;0,95076
"294";0,95;50;50;1;0,25;0,9467;0,94662;0,94994;0,94994
"295";0,95;50;50;2;10;0,89872;0,89829;0,95355;0,95355
"296";0,95;50;50;2;4;0,90995;0,91001;0,95257;0,95257
"297";0,95;50;50;2;2;0,93634;0,93609;0,95293;0,95293
"298";0,95;50;50;2;1;0,95164;0,95183;0,95238;0,95238
"299";0,95;50;50;2;0,1;0,94768;0,94761;0,95125;0,95125
"300";0,95;50;50;2;0,5;0,94486;0,94485;0,9517;0,9517
"301";0,95;50;50;2;0,25;0,94415;0,94392;0,95059;0,95059
"302";0,95;50;50;3;10;0,87926;0,87866;0,95434;0,95434
"303";0,95;50;50;3;4;0,89544;0,89499;0,95428;0,95428
"304";0,95;50;50;3;2;0,92831;0,92756;0,95332;0,95332
"305";0,95;50;50;3;1;0,95404;0,95403;0,9553;0,9553
"306";0,95;50;50;3;0,1;0,94558;0,94541;0,95069;0,95069
"307";0,95;50;50;3;0,5;0,93965;0,93973;0,95091;0,95091
"308";0,95;50;50;3;0,25;0,9396;0,93906;0,95043;0,95043
"309";0,95;50;50;4;10;0,87034;0,86976;0,95564;0,95564
"310";0,95;50;50;4;4;0,88765;0,8878;0,95517;0,95517
"311";0,95;50;50;4;2;0,92506;0,9248;0,95448;0,95448
"312";0,95;50;50;4;1;0,95348;0,9534;0,95489;0,95489
"313";0,95;50;50;4;0,1;0,94352;0,94346;0,95037;0,95037
"314";0,95;50;50;4;0,5;0,93554;0,93489;0,95249;0,95249
"315";0,95;50;50;4;0,25;0,93327;0,93277;0,95083;0,95083
