"Confidence.level";"n1";"n2";"m1-m2";"sd1/sd2";"Cohen_SCP";"Hedges_SCP";"Shieh_SCP";"transfoshieh_SCP"
"1";0,95;100;100;0;10;0,9081;0,9081;0,9094;0,9094
"2";0,95;100;100;0;4;0,91473;0,91473;0,91543;0,91543
"3";0,95;100;100;0;2;0,93596;0,93596;0,93631;0,93631
"4";0,95;100;100;0;1;0,9541;0,9541;0,95455;0,95455
"5";0,95;100;100;0;0,1;0,90707;0,90707;0,90828;0,90828
"6";0,95;100;100;0;0,5;0,93429;0,93429;0,93465;0,93465
"7";0,95;100;100;0;0,25;0,91444;0,91444;0,91525;0,91525
"8";0,95;100;100;1;10;0,59678;0,5931;0,6475;0,6475
"9";0,95;100;100;1;4;0,63785;0,63412;0,67471;0,67471
"10";0,95;100;100;1;2;0,69918;0,69604;0,71602;0,71602
"11";0,95;100;100;1;1;0,69025;0,68884;0,69434;0,69434
"12";0,95;100;100;1;0,1;0,84254;0,84242;0,8454;0,8454
"13";0,95;100;100;1;0,5;0,67685;0,67631;0,68112;0,68112
"14";0,95;100;100;1;0,25;0,7485;0,74808;0,75295;0,75295
"15";0,95;100;100;2;10;0,36627;0,36405;0,44319;0,44319
"16";0,95;100;100;2;4;0,39041;0,3883;0,45328;0,45328
"17";0,95;100;100;2;2;0,44987;0,44709;0,48299;0,48299
"18";0,95;100;100;2;1;0,4919;0,49005;0,50137;0,50137
"19";0,95;100;100;2;0,1;0,76595;0,76572;0,77134;0,77134
"20";0,95;100;100;2;0,5;0,5014;0,49976;0,51485;0,51485
"21";0,95;100;100;2;0,25;0,59647;0,59615;0,60768;0,60768
"22";0,95;100;100;3;10;0,30465;0,30272;0,39225;0,39225
"23";0,95;100;100;3;4;0,32442;0,32212;0,39847;0,39847
"24";0,95;100;100;3;2;0,37514;0,37273;0,41451;0,41451
"25";0,95;100;100;3;1;0,41131;0,40899;0,42394;0,42394
"26";0,95;100;100;3;0,1;0,69192;0,69161;0,70026;0,70026
"27";0,95;100;100;3;0,5;0,41327;0,41182;0,43483;0,43483
"28";0,95;100;100;3;0,25;0,49421;0,49332;0,5148;0,5148
"29";0,95;100;100;4;10;0,28016;0,27831;0,37056;0,37056
"30";0,95;100;100;4;4;0,29743;0,29501;0,37323;0,37323
"31";0,95;100;100;4;2;0,34099;0,33843;0,38349;0,38349
"32";0,95;100;100;4;1;0,37454;0,37282;0,38925;0,38925
"33";0,95;100;100;4;0,1;0,62622;0,6257;0,63737;0,63737
"34";0,95;100;100;4;0,5;0,36589;0,3643;0,39269;0,39269
"35";0,95;100;100;4;0,25;0,42751;0,42657;0,45599;0,45599
"36";0,95;100;20;0;10;0,99325;0,99325;0,91765;0,91765
"37";0,95;100;20;0;4;0,99042;0,99042;0,94231;0,94231
"38";0,95;100;20;0;2;0,98014;0,98014;0,95848;0,95848
"39";0,95;100;20;0;1;0,95309;0,95309;0,89611;0,89611
"40";0,95;100;20;0;0,1;0,5565;0,5565;0,83498;0,83498
"41";0,95;100;20;0;0,5;0,78768;0,78768;0,84919;0,84919
"42";0,95;100;20;0;0,25;0,62489;0,62489;0,83613;0,83613
"43";0,95;100;20;1;10;0,9031;0,90016;0,6656;0,65319
"44";0,95;100;20;1;4;0,90085;0,89762;0,64622;0,68897
"45";0,95;100;20;1;2;0,87623;0,87327;0,55044;0,70302
"46";0,95;100;20;1;1;0,7815;0,7791;0,52872;0,66724
"47";0,95;100;20;1;0,1;0,474;0,47433;0,78384;0,7847
"48";0,95;100;20;1;0,5;0,59453;0,59306;0,62196;0,66885
"49";0,95;100;20;1;0,25;0,47906;0,47894;0,724;0,73241
"50";0,95;100;20;2;10;0,60789;0,60359;0,45509;0,44167
"51";0,95;100;20;2;4;0,61213;0,60806;0,46647;0,48085
"52";0,95;100;20;2;2;0,61931;0,61521;0,43401;0,55169
"53";0,95;100;20;2;1;0,58763;0,58488;0,42405;0,56211
"54";0,95;100;20;2;0,1;0,41232;0,41257;0,73987;0,74117
"55";0,95;100;20;2;0,5;0,47187;0,46976;0,4868;0,5477
"56";0,95;100;20;2;0,25;0,38331;0,38251;0,60797;0,62369
"57";0,95;100;20;3;10;0,47373;0,47011;0,39649;0,38473
"58";0,95;100;20;3;4;0,47919;0,47591;0,41554;0,4214
"59";0,95;100;20;3;2;0,49097;0,48699;0,40079;0,50239
"60";0,95;100;20;3;1;0,48679;0,48367;0,39205;0,52564
"61";0,95;100;20;3;0,1;0,36315;0,36312;0,69381;0,69559
"62";0,95;100;20;3;0,5;0,40476;0,40223;0,43219;0,49557
"63";0,95;100;20;3;0,25;0,32942;0,32874;0,53205;0,54915
"64";0,95;100;20;4;10;0,41567;0,41181;0,38044;0,36828
"65";0,95;100;20;4;4;0,41863;0,41464;0,3966;0,40002
"66";0,95;100;20;4;2;0,43126;0,42765;0,39079;0,48642
"67";0,95;100;20;4;1;0,42894;0,42524;0,37912;0,51346
"68";0,95;100;20;4;0,1;0,327;0,32708;0,64657;0,6486
"69";0,95;100;20;4;0,5;0,36491;0,36222;0,40553;0,47018
"70";0,95;100;20;4;0,25;0,29047;0,28977;0,48063;0,49905
"71";0,95;100;50;0;10;0,96279;0,96279;0,91103;0,91103
"72";0,95;100;50;0;4;0,9634;0,9634;0,92425;0,92425
"73";0,95;100;50;0;2;0,96521;0,96521;0,95093;0,95093
"74";0,95;100;50;0;1;0,95528;0,95528;0,9459;0,9459
"75";0,95;100;50;0;0,1;0,78281;0,78281;0,88428;0,88428
"76";0,95;100;50;0;0,5;0,87808;0,87808;0,90893;0,90893
"77";0,95;100;50;0;0,25;0,80736;0,80736;0,88788;0,88788
"78";0,95;100;50;1;10;0,74151;0,73719;0,65374;0,64761
"79";0,95;100;50;1;4;0,75785;0,75326;0,68488;0,673
"80";0,95;100;50;1;2;0,7697;0,76615;0,66898;0,69571
"81";0,95;100;50;1;1;0,71324;0,71126;0,60674;0,66801
"82";0,95;100;50;1;0,1;0,69461;0,69459;0,82766;0,82809
"83";0,95;100;50;1;0,5;0,61794;0,61731;0,64285;0,67153
"84";0,95;100;50;1;0,25;0,61912;0,61897;0,74312;0,74928
"85";0,95;100;50;2;10;0,46234;0,45897;0,44801;0,44361
"86";0,95;100;50;2;4;0,47723;0,47419;0,46701;0,45218
"87";0,95;100;50;2;2;0,50972;0,50643;0,48006;0,48835
"88";0,95;100;50;2;1;0,51908;0,5172;0,45868;0,51074
"89";0,95;100;50;2;0,1;0,61136;0,61129;0,76554;0,76647
"90";0,95;100;50;2;0,5;0,46477;0,46348;0,48802;0,52103
"91";0,95;100;50;2;0,25;0,48427;0,4836;0,60223;0,61148
"92";0,95;100;50;3;10;0,37113;0,36781;0,39049;0,38684
"93";0,95;100;50;3;4;0,38545;0,38272;0,40428;0,39141
"94";0,95;100;50;3;2;0,41177;0,40882;0,41606;0,41524
"95";0,95;100;50;3;1;0,43115;0,42825;0,40351;0,44671
"96";0,95;100;50;3;0,1;0,54141;0,54181;0,70053;0,70182
"97";0,95;100;50;3;0,5;0,3902;0,38851;0,42144;0,45281
"98";0,95;100;50;3;0,25;0,40268;0,40214;0,51559;0,52507
"99";0,95;100;50;4;10;0,33347;0,33051;0,37131;0,36719
"100";0,95;100;50;4;4;0,34696;0,34365;0,3805;0,36691
"101";0,95;100;50;4;2;0,37277;0,36955;0,39044;0,38874
"102";0,95;100;50;4;1;0,39311;0,39002;0,37931;0,42002
"103";0,95;100;50;4;0,1;0,48742;0,48758;0,64429;0,64566
"104";0,95;100;50;4;0,5;0,34782;0,34577;0,3872;0,41702
"105";0,95;100;50;4;0,25;0,3536;0,35241;0,46385;0,47405
"106";0,95;20;100;0;10;0,55335;0,55335;0,83139;0,83139
"107";0,95;20;100;0;4;0,62832;0,62832;0,83809;0,83809
"108";0,95;20;100;0;2;0,79093;0,79093;0,84953;0,84953
"109";0,95;20;100;0;1;0,95245;0,95245;0,8973;0,8973
"110";0,95;20;100;0;0,1;0,99331;0,99331;0,91545;0,91545
"111";0,95;20;100;0;0,5;0,98038;0,98038;0,95749;0,95749
"112";0,95;20;100;0;0,25;0,98975;0,98975;0,94304;0,94304
"113";0,95;20;100;1;10;0,38208;0,37797;0,72508;0,73287
"114";0,95;20;100;1;4;0,56109;0,55541;0,72695;0,77184
"115";0,95;20;100;1;2;0,71007;0,7064;0,75242;0,85124
"116";0,95;20;100;1;1;0,7828;0,78067;0,81447;0,85012
"117";0,95;20;100;1;0,1;0,98123;0,98112;0,85365;0,85046
"118";0,95;20;100;1;0,5;0,89104;0,88966;0,8396;0,79069
"119";0,95;20;100;1;0,25;0,95009;0,9495;0,82424;0,7948
"120";0,95;20;100;2;10;0,2405;0,23889;0,53343;0,53869
"121";0,95;20;100;2;4;0,33701;0,3333;0,53228;0,56559
"122";0,95;20;100;2;2;0,48875;0,48467;0,53457;0,63794
"123";0,95;20;100;2;1;0,5844;0,58184;0,57422;0,69739
"124";0,95;20;100;2;0,1;0,96215;0,96178;0,7855;0,77869
"125";0,95;20;100;2;0,5;0,73257;0,73115;0,65668;0,64211
"126";0,95;20;100;2;0,25;0,88507;0,8836;0,69493;0,65232
"127";0,95;20;100;3;10;0,20475;0,20289;0,46916;0,47391
"128";0,95;20;100;3;4;0,28091;0,27743;0,47024;0,49952
"129";0,95;20;100;3;2;0,40146;0,39737;0,46808;0,56312
"130";0,95;20;100;3;1;0,48479;0,48093;0,48889;0,62171
"131";0,95;20;100;3;0,1;0,93948;0,93882;0,71713;0,70757
"132";0,95;20;100;3;0,5;0,61294;0,61126;0,54706;0,56658
"133";0,95;20;100;3;0,25;0,80338;0,80154;0,59955;0,55728
"134";0,95;20;100;4;10;0,19329;0,19173;0,45135;0,45591
"135";0,95;20;100;4;4;0,26008;0,25672;0,4477;0,47564
"136";0,95;20;100;4;2;0,36561;0,36267;0,44289;0,5307
"137";0,95;20;100;4;1;0,42692;0,42384;0,44914;0,58455
"138";0,95;20;100;4;0,1;0,91086;0,90964;0,65201;0,64102
"139";0,95;20;100;4;0,5;0,52783;0,52576;0,48826;0,52427
"140";0,95;20;100;4;0,25;0,72081;0,71936;0,53429;0,49728
"141";0,95;20;20;0;10;0,82983;0,82983;0,83564;0,83564
"142";0,95;20;20;0;4;0,85199;0,85199;0,85508;0,85508
"143";0,95;20;20;0;2;0,90695;0,90695;0,90925;0,90925
"144";0,95;20;20;0;1;0,96482;0,96482;0,96941;0,96941
"145";0,95;20;20;0;0,1;0,83029;0,83029;0,83626;0,83626
"146";0,95;20;20;0;0,5;0,90606;0,90606;0,90831;0,90831
"147";0,95;20;20;0;0,25;0,85201;0,85201;0,85513;0,85513
"148";0,95;20;20;1;10;0,66271;0,64764;0,72878;0,72878
"149";0,95;20;20;1;4;0,7071;0,69181;0,75287;0,75287
"150";0,95;20;20;1;2;0,74993;0,7376;0,77554;0,77554
"151";0,95;20;20;1;1;0,71898;0,71205;0,73267;0,73267
"152";0,95;20;20;1;0,1;0,77598;0,77498;0,78535;0,78535
"153";0,95;20;20;1;0,5;0,69271;0,68963;0,70091;0,70091
"154";0,95;20;20;1;0,25;0,72886;0,72671;0,73825;0,73825
"155";0,95;20;20;2;10;0,43516;0,42606;0,53241;0,53241
"156";0,95;20;20;2;4;0,46894;0,45812;0,54431;0,54431
"157";0,95;20;20;2;2;0,53123;0,52052;0,57695;0,57695
"158";0,95;20;20;2;1;0,54943;0,54201;0,57741;0,57741
"159";0,95;20;20;2;0,1;0,72933;0,72725;0,74307;0,74307
"160";0,95;20;20;2;0,5;0,54077;0,53505;0,55996;0,55996
"161";0,95;20;20;2;0,25;0,61283;0,61146;0,62958;0,62958
"162";0,95;20;20;3;10;0,3626;0,35423;0,47253;0,47253
"163";0,95;20;20;3;4;0,38926;0,38019;0,47903;0,47903
"164";0,95;20;20;3;2;0,44626;0,43557;0,502;0,502
"165";0,95;20;20;3;1;0,47681;0,46814;0,513;0,513
"166";0,95;20;20;3;0,1;0,67869;0,67714;0,69606;0,69606
"167";0,95;20;20;3;0,5;0,46195;0,4564;0,49189;0,49189
"168";0,95;20;20;3;0,25;0,5214;0,52011;0,5457;0,5457
"169";0,95;20;20;4;10;0,33361;0,32523;0,44491;0,44491
"170";0,95;20;20;4;4;0,35722;0,34872;0,44994;0,44994
"171";0,95;20;20;4;2;0,41036;0,40048;0,47174;0,47174
"172";0,95;20;20;4;1;0,44016;0,43064;0,48071;0,48071
"173";0,95;20;20;4;0,1;0,62839;0,62741;0,64901;0,64901
"174";0,95;20;20;4;0,5;0,41683;0,41161;0,45594;0,45594
"175";0,95;20;20;4;0,25;0,46094;0,45863;0,49511;0,49511
"176";0,95;20;50;0;10;0,69844;0,69844;0,83379;0,83379
"177";0,95;20;50;0;4;0,73991;0,73991;0,84065;0,84065
"178";0,95;20;50;0;2;0,84651;0,84651;0,86646;0,86646
"179";0,95;20;50;0;1;0,95866;0,95866;0,93654;0,93654
"180";0,95;20;50;0;0,1;0,95608;0,95608;0,88757;0,88757
"181";0,95;20;50;0;0,5;0,95917;0,95917;0,95679;0,95679
"182";0,95;20;50;0;0,25;0,95626;0,95626;0,91336;0,91336
"183";0,95;20;50;1;10;0,49303;0,48511;0,72653;0,73206
"184";0,95;20;50;1;4;0,601;0,59129;0,73379;0,7622
"185";0,95;20;50;1;2;0,71139;0,70432;0,7731;0,81345
"186";0,95;20;50;1;1;0,73666;0,73298;0,80458;0,78909
"187";0,95;20;50;1;0,1;0,92256;0,92205;0,83071;0,82952
"188";0,95;20;50;1;0,5;0,80349;0,80142;0,7797;0,7406
"189";0,95;20;50;1;0,25;0,87335;0,87167;0,78627;0,77152
"190";0,95;20;50;2;10;0,31301;0,30804;0,531;0,53539
"191";0,95;20;50;2;4;0,37859;0,37277;0,53442;0,55761
"192";0,95;20;50;2;2;0,48922;0,48344;0,54806;0,60286
"193";0,95;20;50;2;1;0,55264;0,54861;0,59933;0,62058
"194";0,95;20;50;2;0,1;0,88292;0,88166;0,77035;0,76778
"195";0,95;20;50;2;0,5;0,63432;0,63163;0,62555;0,58719
"196";0,95;20;50;2;0,25;0,77662;0,77447;0,65566;0,63298
"197";0,95;20;50;3;10;0,26702;0,26344;0,47311;0,47635
"198";0,95;20;50;3;4;0,31687;0,31046;0,47192;0,49258
"199";0,95;20;50;3;2;0,40765;0,40243;0,47357;0,52526
"200";0,95;20;50;3;1;0,46494;0,46054;0,51001;0,54578
"201";0,95;20;50;3;0,1;0,84715;0,84522;0,70705;0,70339
"202";0,95;20;50;3;0,5;0,52617;0,52348;0,53573;0,50712
"203";0,95;20;50;3;0,25;0,68144;0,67953;0,5703;0,54554
"204";0,95;20;50;4;10;0,24687;0,24308;0,44828;0,45165
"205";0,95;20;50;4;4;0,28919;0,2839;0,4447;0,46285
"206";0,95;20;50;4;2;0,37616;0,37051;0,44591;0,4957
"207";0,95;20;50;4;1;0,42281;0,41782;0,46503;0,50929
"208";0,95;20;50;4;0,1;0,80869;0,80614;0,65039;0,64617
"209";0,95;20;50;4;0,5;0,46134;0,45892;0,484;0,46173
"210";0,95;20;50;4;0,25;0,59931;0,59774;0,50939;0,48572
"211";0,95;50;100;0;10;0,78161;0,78161;0,8824;0,8824
"212";0,95;50;100;0;4;0,8093;0,8093;0,88928;0,88928
"213";0,95;50;100;0;2;0,87418;0,87418;0,90609;0,90609
"214";0,95;50;100;0;1;0,95491;0,95491;0,94562;0,94562
"215";0,95;50;100;0;0,1;0,96446;0,96446;0,91307;0,91307
"216";0,95;50;100;0;0,5;0,9656;0,9656;0,95096;0,95096
"217";0,95;50;100;0;0,25;0,96336;0,96336;0,92448;0,92448
"218";0,95;50;100;1;10;0,49342;0,48894;0,68068;0,68425
"219";0,95;50;100;1;4;0,57111;0,56582;0,69644;0,71656
"220";0,95;50;100;1;2;0,68267;0,67872;0,74025;0,77212
"221";0,95;50;100;1;1;0,71517;0,71292;0,7786;0,76177
"222";0,95;50;100;1;0,1;0,92613;0,92582;0,84952;0,84874
"223";0,95;50;100;1;0,5;0,77305;0,77202;0,75306;0,71838
"224";0,95;50;100;1;0,25;0,86518;0,86449;0,77652;0,76486
"225";0,95;50;100;2;10;0,30659;0,30414;0,47473;0,47727
"226";0,95;50;100;2;4;0,35058;0,34765;0,48202;0,49769
"227";0,95;50;100;2;2;0,45002;0,44608;0,50172;0,54019
"228";0,95;50;100;2;1;0,51842;0,5154;0,55407;0,5637
"229";0,95;50;100;2;0,1;0,88185;0,88118;0,77314;0,77107
"230";0,95;50;100;2;0,5;0,58575;0,58387;0,58022;0,54761
"231";0,95;50;100;2;0,25;0,73364;0,73258;0,6334;0,61706
"232";0,95;50;100;3;10;0,25857;0,25708;0,41931;0,42159
"233";0,95;50;100;3;4;0,29575;0,29272;0,4231;0,43691
"234";0,95;50;100;3;2;0,3717;0,36859;0,43057;0,46605
"235";0,95;50;100;3;1;0,43007;0,42724;0,46171;0,48225
"236";0,95;50;100;3;0,1;0,83303;0,83208;0,7052;0,70292
"237";0,95;50;100;3;0,5;0,48204;0,47998;0,48653;0,46091
"238";0,95;50;100;3;0,25;0,62296;0,62202;0,54035;0,52447
"239";0,95;50;100;4;10;0,24272;0,24077;0,39721;0,39944
"240";0,95;50;100;4;4;0,27216;0,26889;0,39848;0,41113
"241";0,95;50;100;4;2;0,34317;0,34095;0,40571;0,43911
"242";0,95;50;100;4;1;0,3927;0,39028;0,42374;0,44691
"243";0,95;50;100;4;0,1;0,77557;0,77484;0,64345;0,64078
"244";0,95;50;100;4;0,5;0,41982;0,41795;0,43456;0,41419
"245";0,95;50;100;4;0,25;0,53881;0,53751;0,47541;0,45803
"246";0,95;50;20;0;10;0,9553;0,9553;0,88595;0,88595
"247";0,95;50;20;0;4;0,95683;0,95683;0,9142;0,9142
"248";0,95;50;20;0;2;0,96008;0,96008;0,95794;0,95794
"249";0,95;50;20;0;1;0,95724;0,95724;0,93456;0,93456
"250";0,95;50;20;0;0,1;0,7001;0,7001;0,83599;0,83599
"251";0,95;50;20;0;0,5;0,8459;0,8459;0,86671;0,86671
"252";0,95;50;20;0;0,25;0,73986;0,73986;0,83943;0,83943
"253";0,95;50;20;1;10;0,80384;0,79554;0,68987;0,68095
"254";0,95;50;20;1;4;0,8138;0,80648;0,71534;0,70982
"255";0,95;50;20;1;2;0,81301;0,80642;0,67171;0,72542
"256";0,95;50;20;1;1;0,73561;0,73214;0,59872;0,67744
"257";0,95;50;20;1;0,1;0,61823;0,61815;0,78248;0,7831
"258";0,95;50;20;1;0,5;0,61233;0,6109;0,63944;0,6727
"259";0,95;50;20;1;0,25;0,57314;0,57309;0,72232;0,72875
"260";0,95;50;20;2;10;0,52431;0,51773;0,4819;0,47452
"261";0,95;50;20;2;4;0,53993;0,53273;0,50913;0,49381
"262";0,95;50;20;2;2;0,56374;0,55752;0,50608;0,53288
"263";0,95;50;20;2;1;0,5563;0,55147;0,47284;0,54652
"264";0,95;50;20;2;0,1;0,5507;0,55062;0,74104;0,74216
"265";0,95;50;20;2;0,5;0,47939;0,4767;0,5019;0,54242
"266";0,95;50;20;2;0,25;0,46076;0,45996;0,61599;0,62667
"267";0,95;50;20;3;10;0,42648;0,42011;0,42609;0,41966
"268";0,95;50;20;3;4;0,43533;0,42929;0,44503;0,42769
"269";0,95;50;20;3;2;0,45707;0,45115;0,44767;0,46688
"270";0,95;50;20;3;1;0,47019;0,46585;0,42414;0,49217
"271";0,95;50;20;3;0,1;0,48897;0,48907;0,69296;0,69441
"272";0,95;50;20;3;0,5;0,40906;0,40612;0,44016;0,48222
"273";0,95;50;20;3;0,25;0,39254;0,39157;0,53564;0,54805
"274";0,95;50;20;4;10;0,38094;0,37633;0,40082;0,39491
"275";0,95;50;20;4;4;0,38765;0,38195;0,41504;0,39834
"276";0,95;50;20;4;2;0,4111;0,40557;0,4283;0,44108
"277";0,95;50;20;4;1;0,42308;0,41675;0,40497;0,46597
"278";0,95;50;20;4;0,1;0,44268;0,44298;0,65008;0,65175
"279";0,95;50;20;4;0,5;0,37348;0,36935;0,41316;0,45406
"280";0,95;50;20;4;0,25;0,34293;0,34133;0,48301;0,49649
"281";0,95;50;50;0;10;0,88318;0,88318;0,88551;0,88551
"282";0,95;50;50;0;4;0,89444;0,89444;0,89583;0,89583
"283";0,95;50;50;0;2;0,92629;0,92629;0,92694;0,92694
"284";0,95;50;50;0;1;0,95844;0,95844;0,95989;0,95989
"285";0,95;50;50;0;0,1;0,88169;0,88169;0,88395;0,88395
"286";0,95;50;50;0;0,5;0,92673;0,92673;0,9275;0,9275
"287";0,95;50;50;0;0,25;0,89455;0,89455;0,89626;0,89626
"288";0,95;50;50;1;10;0,62486;0,61772;0,68067;0,68067
"289";0,95;50;50;1;4;0,672;0,66454;0,71205;0,71205
"290";0,95;50;50;1;2;0,72392;0,71842;0,743;0,743
"291";0,95;50;50;1;1;0,70484;0,70181;0,71114;0,71114
"292";0,95;50;50;1;0,1;0,8232;0,82275;0,82806;0,82806
"293";0,95;50;50;1;0,5;0,68526;0,68346;0,68995;0,68995
"294";0,95;50;50;1;0,25;0,74534;0,74449;0,75109;0,75109
"295";0,95;50;50;2;10;0,39045;0,38652;0,4748;0,4748
"296";0,95;50;50;2;4;0,41989;0,41509;0,48803;0,48803
"297";0,95;50;50;2;2;0,48481;0,47989;0,52174;0,52174
"298";0,95;50;50;2;1;0,51577;0,51174;0,53081;0,53081
"299";0,95;50;50;2;0,1;0,75841;0,75755;0,76572;0,76572
"300";0,95;50;50;2;0,5;0,51537;0,51336;0,53045;0,53045
"301";0,95;50;50;2;0,25;0,60295;0,60252;0,61566;0,61566
"302";0,95;50;50;3;10;0,32738;0,3241;0,42223;0,42223
"303";0,95;50;50;3;4;0,34842;0,34424;0,4261;0,4261
"304";0,95;50;50;3;2;0,40187;0,39756;0,44673;0,44673
"305";0,95;50;50;3;1;0,43542;0,43174;0,45529;0,45529
"306";0,95;50;50;3;0,1;0,68982;0,68955;0,70034;0,70034
"307";0,95;50;50;3;0,5;0,43257;0,43022;0,45705;0,45705
"308";0,95;50;50;3;0,25;0,50869;0,50751;0,52943;0,52943
"309";0,95;50;50;4;10;0,30111;0,29824;0,39978;0,39978
"310";0,95;50;50;4;4;0,31838;0,3143;0,40019;0,40019
"311";0,95;50;50;4;2;0,36782;0,36414;0,41622;0,41622
"312";0,95;50;50;4;1;0,39815;0,39405;0,42173;0,42173
"313";0,95;50;50;4;0,1;0,63117;0,63068;0,64486;0,64486
"314";0,95;50;50;4;0,5;0,38323;0,38129;0,41408;0,41408
"315";0,95;50;50;4;0,25;0,44325;0,44233;0,4735;0,4735
