"Confidence.level";"n1";"n2";"m1-m2";"sd1/sd2";"Cohen_SCP";"Hedges_SCP";"Shieh_SCP";"transfoshieh_SCP"
"1";0,95;100;100;0;10;0,95045;0,95045;0,95182;0,95182
"2";0,95;100;100;0;4;0,9494;0,9494;0,95035;0,95035
"3";0,95;100;100;0;2;0,95097;0,95097;0,95133;0,95133
"4";0,95;100;100;0;1;0,95108;0,95108;0,95108;0,95108
"5";0,95;100;100;0;0,1;0,95011;0,95011;0,95124;0,95124
"6";0,95;100;100;0;0,5;0,94955;0,94955;0,95013;0,95013
"7";0,95;100;100;0;0,25;0,95119;0,95119;0,95226;0,95226
"8";0,95;100;100;1;10;0,80745;0,8055;0,84837;0,84837
"9";0,95;100;100;1;4;0,827;0,82501;0,858;0,858
"10";0,95;100;100;1;2;0,86343;0,86195;0,87502;0,87502
"11";0,95;100;100;1;1;0,90508;0,90457;0,90579;0,90579
"12";0,95;100;100;1;0,1;0,94752;0,94748;0,94915;0,94915
"13";0,95;100;100;1;0,5;0,92203;0,92168;0,92497;0,92497
"14";0,95;100;100;1;0,25;0,9408;0,94048;0,94318;0,94318
"15";0,95;100;100;2;10;0,67206;0,66797;0,7716;0,7716
"16";0,95;100;100;2;4;0,69691;0,69319;0,77761;0,77761
"17";0,95;100;100;2;2;0,7596;0,75673;0,79351;0,79351
"18";0,95;100;100;2;1;0,83014;0,82809;0,83256;0,83256
"19";0,95;100;100;2;0,1;0,94147;0,9414;0,9444;0,9444
"20";0,95;100;100;2;0,5;0,86688;0,86546;0,87832;0,87832
"21";0,95;100;100;2;0,25;0,90899;0,90847;0,91739;0,91739
"22";0,95;100;100;3;10;0,61498;0,60996;0,7429;0,7429
"23";0,95;100;100;3;4;0,64034;0,63552;0,7446;0,7446
"24";0,95;100;100;3;2;0,70493;0,6994;0,75322;0,75322
"25";0,95;100;100;3;1;0,7787;0,77493;0,78237;0,78237
"26";0,95;100;100;3;0,1;0,93239;0,93214;0,93709;0,93709
"27";0,95;100;100;3;0,5;0,80603;0,80335;0,82916;0,82916
"28";0,95;100;100;3;0,25;0,86869;0,86736;0,88724;0,88724
"29";0,95;100;100;4;10;0,58935;0,58465;0,73265;0,73265
"30";0,95;100;100;4;4;0,6128;0,60788;0,73242;0,73242
"31";0,95;100;100;4;2;0,67021;0,66507;0,72785;0,72785
"32";0,95;100;100;4;1;0,74623;0,74208;0,7509;0,7509
"33";0,95;100;100;4;0,1;0,91806;0,91757;0,92555;0,92555
"34";0,95;100;100;4;0,5;0,75917;0,75655;0,79334;0,79334
"35";0,95;100;100;4;0,25;0,82948;0,82717;0,85931;0,85931
"36";0,95;100;20;0;10;0,99995;0,99995;0,95045;0,95045
"37";0,95;100;20;0;4;0,99983;0,99983;0,9521;0,9521
"38";0,95;100;20;0;2;0,99614;0,99614;0,95282;0,95282
"39";0,95;100;20;0;1;0,94941;0,94941;0,95268;0,95268
"40";0,95;100;20;0;0,1;0,60695;0,60695;0,95442;0,95442
"41";0,95;100;20;0;0,5;0,80489;0,80489;0,95403;0,95403
"42";0,95;100;20;0;0,25;0,67456;0,67456;0,95342;0,95342
"43";0,95;100;20;1;10;0,98932;0,98903;0,8546;0,84812
"44";0,95;100;20;1;4;0,98685;0,98658;0,87453;0,87116
"45";0,95;100;20;1;2;0,97655;0,97604;0,88144;0,91801
"46";0,95;100;20;1;1;0,92946;0,92892;0,90258;0,94195
"47";0,95;100;20;1;0,1;0,6081;0,60806;0,95333;0,95341
"48";0,95;100;20;1;0,5;0,7952;0,7947;0,93259;0,94334
"49";0,95;100;20;1;0,25;0,66614;0,66574;0,94754;0,94871
"50";0,95;100;20;2;10;0,91852;0,9162;0,7779;0,76525
"51";0,95;100;20;2;4;0,91599;0,91395;0,79762;0,79192
"52";0,95;100;20;2;2;0,91141;0,90932;0,81255;0,88758
"53";0,95;100;20;2;1;0,87755;0,87553;0,84166;0,92753
"54";0,95;100;20;2;0,1;0,60299;0,60265;0,9504;0,9506
"55";0,95;100;20;2;0,5;0,7693;0,76811;0,89158;0,92198
"56";0,95;100;20;2;0,25;0,65397;0,65337;0,93179;0,93569
"57";0,95;100;20;3;10;0,838;0,834;0,74307;0,73048
"58";0,95;100;20;3;4;0,84165;0,83841;0,76084;0,75712
"59";0,95;100;20;3;2;0,84287;0,83843;0,78083;0,87279
"60";0,95;100;20;3;1;0,83208;0,82957;0,81118;0,92181
"61";0,95;100;20;3;0,1;0,59532;0,59453;0,94505;0,94538
"62";0,95;100;20;3;0,5;0,74313;0,74052;0,85988;0,90603
"63";0,95;100;20;3;0,25;0,63038;0,62877;0,91159;0,91921
"64";0,95;100;20;4;10;0,78531;0,77927;0,7312;0,71777
"65";0,95;100;20;4;4;0,79039;0,78451;0,74439;0,7402
"66";0,95;100;20;4;2;0,79627;0,79147;0,76425;0,86458
"67";0,95;100;20;4;1;0,79658;0,79171;0,79254;0,91756
"68";0,95;100;20;4;0,1;0,58795;0,58758;0,93842;0,93903
"69";0,95;100;20;4;0,5;0,72075;0,71723;0,83891;0,8944
"70";0,95;100;20;4;0,25;0,60722;0,6046;0,89233;0,90347
"71";0,95;100;50;0;10;0,99404;0,99404;0,95095;0,95095
"72";0,95;100;50;0;4;0,99154;0,99154;0,95011;0,95011
"73";0,95;100;50;0;2;0,98333;0,98333;0,95123;0,95123
"74";0,95;100;50;0;1;0,95078;0,95078;0,95149;0,95149
"75";0,95;100;50;0;0,1;0,83111;0,83111;0,95136;0,95136
"76";0,95;100;50;0;0,5;0,89157;0,89157;0,95207;0,95207
"77";0,95;100;50;0;0,25;0,85092;0,85092;0,95151;0,95151
"78";0,95;100;50;1;10;0,92134;0,92029;0,8539;0,85144
"79";0,95;100;50;1;4;0,92477;0,92318;0,86553;0,85687
"80";0,95;100;50;1;2;0,92743;0,92617;0,88812;0,88327
"81";0,95;100;50;1;1;0,91587;0,91506;0,90708;0,91923
"82";0,95;100;50;1;0,1;0,82861;0,82854;0,95101;0,95098
"83";0,95;100;50;1;0,5;0,8672;0,86666;0,92699;0,93209
"84";0,95;100;50;1;0,25;0,83777;0,8375;0,94445;0,94512
"85";0,95;100;50;2;10;0,79228;0,7882;0,77425;0,77037
"86";0,95;100;50;2;4;0,79888;0,79557;0,77977;0,76447
"87";0,95;100;50;2;2;0,82587;0,82198;0,8075;0,79822
"88";0,95;100;50;2;1;0,8444;0,84167;0,83642;0,86392
"89";0,95;100;50;2;0,1;0,82126;0,82088;0,94536;0,94555
"90";0,95;100;50;2;0,5;0,81751;0,81536;0,87985;0,89637
"91";0,95;100;50;2;0,25;0,8063;0,80538;0,92279;0,92526
"92";0,95;100;50;3;10;0,71669;0,71133;0,74202;0,73775
"93";0,95;100;50;3;4;0,73018;0,72538;0,74734;0,72982
"94";0,95;100;50;3;2;0,75939;0,7544;0,7629;0,75169
"95";0,95;100;50;3;1;0,79417;0,79067;0,78899;0,82817
"96";0,95;100;50;3;0,1;0,8084;0,80801;0,9391;0,93928
"97";0,95;100;50;3;0,5;0,7686;0,7652;0,8357;0,86035
"98";0,95;100;50;3;0,25;0,76576;0,76425;0,8951;0,90002
"99";0,95;100;50;4;10;0,6773;0,67149;0,73248;0,72769
"100";0,95;100;50;4;4;0,69235;0,68649;0,73472;0,71406
"101";0,95;100;50;4;2;0,72214;0,71659;0,7387;0,72733
"102";0,95;100;50;4;1;0,76032;0,75555;0,76357;0,80616
"103";0,95;100;50;4;0,1;0,79421;0,79369;0,93113;0,93145
"104";0,95;100;50;4;0,5;0,7304;0,72609;0,8064;0,83709
"105";0,95;100;50;4;0,25;0,72789;0,72529;0,87081;0,8772
"106";0,95;20;20;2;10;0,73838;0,72714;0,83995;0,83995
"107";0,95;50;100;0;10;0,83322;0,83322;0,95254;0,95254
"108";0,95;50;100;0;4;0,8493;0,8493;0,95235;0,95235
"109";0,95;50;100;0;2;0,89292;0,89292;0,95135;0,95135
"110";0,95;50;100;0;1;0,95056;0,95056;0,9509;0,9509
"111";0,95;50;100;0;0,1;0,99445;0,99445;0,95164;0,95164
"112";0,95;50;100;0;0,5;0,98408;0,98408;0,95244;0,95244
"113";0,95;50;100;0;0,25;0,99169;0,99169;0,95061;0,95061
"114";0,95;50;100;1;10;0,68285;0,68032;0,8673;0,86875
"115";0,95;50;100;1;4;0,72709;0,72417;0,87162;0,8789
"116";0,95;50;100;1;2;0,8156;0,8143;0,87901;0,89507
"117";0,95;50;100;1;1;0,91488;0,91431;0,90815;0,91898
"118";0,95;50;100;1;0,1;0,99446;0,99443;0,94984;0,94987
"119";0,95;50;100;1;0,5;0,96836;0,96802;0,92951;0,92764
"120";0,95;50;100;1;0,25;0,98833;0,98823;0,94258;0,94153
"121";0,95;50;100;2;10;0,57468;0,57043;0,8003;0,8023
"122";0,95;50;100;2;4;0,62326;0,61874;0,79943;0,81081
"123";0,95;50;100;2;2;0,73244;0,72765;0,80695;0,83729
"124";0,95;50;100;2;1;0,84668;0,84379;0,83734;0,86526
"125";0,95;50;100;2;0,1;0,99216;0,99217;0,94464;0,94444
"126";0,95;50;100;2;0,5;0,92737;0,92625;0,88742;0,88291
"127";0,95;50;100;2;0,25;0,97718;0,97683;0,92332;0,92021
"128";0,95;50;100;3;10;0,53151;0,52642;0,77314;0,77547
"129";0,95;50;100;3;4;0,57672;0,57163;0,77308;0,78617
"130";0,95;50;100;3;2;0,68638;0,6803;0,77215;0,80956
"131";0,95;50;100;3;1;0,79734;0,79351;0,79234;0,83111
"132";0,95;50;100;3;0,1;0,98932;0,98906;0,93716;0,9366
"133";0,95;50;100;3;0,5;0,87414;0,87182;0,84155;0,83529
"134";0,95;50;100;3;0,25;0,95453;0,95383;0,89487;0,88859
"135";0,95;50;100;4;10;0,51278;0,50731;0,75983;0,76235
"136";0,95;50;100;4;4;0,56119;0,55193;0,75995;0,77355
"137";0,95;50;100;4;2;0,66265;0,65611;0,7584;0,79614
"138";0,95;50;100;4;1;0,76034;0,75555;0,76463;0,80767
"139";0,95;50;100;4;0,1;0,98438;0,98416;0,92768;0,92706
"140";0,95;50;100;4;0,5;0,82296;0,8205;0,80392;0,796
"141";0,95;50;100;4;0,25;0,92249;0,92095;0,86358;0,8545
"142";0,95;50;20;0;10;0,99767;0,99767;0,95165;0,95165
"143";0,95;50;20;0;4;0,99613;0,99613;0,95197;0,95197
"144";0,95;50;20;0;2;0,98831;0,98831;0,95109;0,95109
"145";0,95;50;20;0;1;0,94991;0,94991;0,95164;0,95164
"146";0,95;50;20;0;0,1;0,77763;0,77763;0,95353;0,95353
"147";0,95;50;20;0;0,5;0,86871;0,86871;0,95229;0,95229
"148";0,95;50;20;0;0,25;0,80425;0,80425;0,95344;0,95344
"149";0,95;50;20;1;10;0,95433;0,95213;0,87075;0,86705
"150";0,95;50;20;1;4;0,9552;0,95312;0,88269;0,87379
"151";0,95;50;20;1;2;0,95035;0,94902;0,90106;0,90149
"152";0,95;50;20;1;1;0,92365;0,92257;0,91419;0,92903
"153";0,95;50;20;1;0,1;0,7723;0,77224;0,95255;0,95252
"154";0,95;50;20;1;0,5;0,85373;0,85351;0,9343;0,94033
"155";0,95;50;20;1;0,25;0,79519;0,79497;0,94785;0,94863
"156";0,95;50;20;2;10;0,84858;0,84257;0,79998;0,79435
"157";0,95;50;20;2;4;0,85556;0,85033;0,81225;0,79459
"158";0,95;50;20;2;2;0,86721;0,86292;0,83421;0,83654
"159";0,95;50;20;2;1;0,87016;0,86638;0,85715;0,89582
"160";0,95;50;20;2;0,1;0,76742;0,76733;0,95024;0,95039
"161";0,95;50;20;2;0,5;0,81848;0,81556;0,89493;0,91401
"162";0,95;50;20;2;0,25;0,77303;0,77176;0,93115;0,93376
"163";0,95;50;20;3;10;0,77631;0,76854;0,77257;0,76587
"164";0,95;50;20;3;4;0,78529;0,77749;0,77957;0,75744
"165";0,95;50;20;3;2;0,80717;0,79941;0,79851;0,802
"166";0,95;50;20;3;1;0,82318;0,81842;0,81985;0,87233
"167";0,95;50;20;3;0,1;0,75848;0,7579;0,94541;0,94565
"168";0,95;50;20;3;0,5;0,78308;0,77846;0,86317;0,89255
"169";0,95;50;20;3;0,25;0,74452;0,74168;0,91275;0,91801
"170";0,95;50;20;4;10;0,73771;0,72742;0,76166;0,75501
"171";0,95;50;20;4;4;0,74416;0,73412;0,76227;0,73852
"172";0,95;50;20;4;2;0,76905;0,76005;0,78102;0,7839
"173";0,95;50;20;4;1;0,79451;0,78745;0,80104;0,85992
"174";0,95;50;20;4;0,1;0,74352;0,74245;0,93949;0,9399
"175";0,95;50;20;4;0,5;0,7524;0,74615;0,83758;0,87413
"176";0,95;50;20;4;0,25;0,71203;0,70787;0,892;0,8998
"177";0,95;50;50;0;10;0,94885;0,94885;0,95158;0,95158
"178";0,95;50;50;0;4;0,94966;0,94966;0,95196;0,95196
"179";0,95;50;50;0;2;0,95048;0,95048;0,95154;0,95154
"180";0,95;50;50;0;1;0,9515;0,9515;0,95164;0,95164
"181";0,95;50;50;0;0,1;0,94866;0,94866;0,9512;0,9512
"182";0,95;50;50;0;0,5;0,95085;0,95085;0,95191;0,95191
"183";0,95;50;50;0;0,25;0,95006;0,95006;0,95224;0,95224
"184";0,95;50;50;1;10;0,8236;0,82069;0,86615;0,86615
"185";0,95;50;50;1;4;0,84182;0,83858;0,87188;0,87188
"186";0,95;50;50;1;2;0,8804;0,87838;0,89164;0,89164
"187";0,95;50;50;1;1;0,91468;0,91363;0,91575;0,91575
"188";0,95;50;50;1;0,1;0,94823;0,94841;0,9513;0,9513
"189";0,95;50;50;1;0,5;0,92949;0,92875;0,93272;0,93272
"190";0,95;50;50;1;0,25;0,94149;0,94119;0,94505;0,94505
"191";0,95;50;50;2;10;0,6981;0,69265;0,79951;0,79951
"192";0,95;50;50;2;4;0,72433;0,71827;0,80121;0,80121
"193";0,95;50;50;2;2;0,78528;0,78038;0,81769;0,81769
"194";0,95;50;50;2;1;0,8493;0,84686;0,853;0,853
"195";0,95;50;50;2;0,1;0,94241;0,9424;0,94659;0,94659
"196";0,95;50;50;2;0,5;0,87898;0,87688;0,89041;0,89041
"197";0,95;50;50;2;0,25;0,91553;0,91447;0,92527;0,92527
"198";0,95;50;50;3;10;0,64362;0,63724;0,77302;0,77302
"199";0,95;50;50;3;4;0,66974;0,66343;0,7745;0,7745
"200";0,95;50;50;3;2;0,73225;0,72578;0,7789;0,7789
"201";0,95;50;50;3;1;0,8034;0,7985;0,80948;0,80948
"202";0,95;50;50;3;0,1;0,93318;0,93307;0,9397;0,9397
"203";0,95;50;50;3;0,5;0,82773;0,82411;0,84969;0,84969
"204";0,95;50;50;3;0,25;0,88262;0,88063;0,90074;0,90074
"205";0,95;50;50;4;10;0,61823;0,61134;0,76253;0,76253
"206";0,95;50;50;4;4;0,64219;0,63453;0,75939;0,75939
"207";0,95;50;50;4;2;0,70605;0,69765;0,76131;0,76131
"208";0,95;50;50;4;1;0,77054;0,76448;0,77847;0,77847
"209";0,95;50;50;4;0,1;0,92244;0,92178;0,93179;0,93179
"210";0,95;50;50;4;0,5;0,78411;0,77894;0,81727;0,81727
"211";0,95;50;50;4;0,25;0,84122;0,83816;0,8727;0,8727
"212";0,95;20;100;0;10;0,6074;0,6074;0,95421;0,95421
"213";0,95;20;100;0;4;0,67145;0,67145;0,95374;0,95374
"214";0,95;20;100;0;2;0,80119;0,80119;0,95407;0,95407
"215";0,95;20;100;0;1;0,95021;0,95021;0,95329;0,95329
"216";0,95;20;100;0;0,1;0,99995;0,99995;0,95109;0,95109
"217";0,95;20;100;0;0,5;0,99585;0,99585;0,95139;0,95139
"218";0,95;20;100;0;0,25;0,99981;0,99981;0,95265;0,95265
"219";0,95;20;100;1;10;0,51419;0,51161;0,89252;0,89454
"220";0,95;20;100;1;4;0,60845;0,60608;0,89146;0,90258
"221";0,95;20;100;1;2;0,77048;0,7686;0,89258;0,92273
"222";0,95;20;100;1;1;0,92764;0,92715;0,90143;0,94054
"223";0,95;20;100;1;0,1;0,99998;0,99998;0,95004;0,94991
"224";0,95;20;100;1;0,5;0,99319;0,99295;0,92889;0,94139
"225";0,95;20;100;1;0,25;0,99966;0,99963;0,94328;0,94294
"226";0,95;20;100;2;10;0,44203;0,43823;0,84028;0,84387
"227";0,95;20;100;2;4;0,54269;0,53819;0,83777;0,85749
"228";0,95;20;100;2;2;0,71798;0,71363;0,83778;0,89341
"229";0,95;20;100;2;1;0,87675;0,87497;0,83962;0,9264
"230";0,95;20;100;2;0,1;0,99999;0,99999;0,94417;0,94318
"231";0,95;20;100;2;0,5;0,97745;0,97677;0,88283;0,91836
"232";0,95;20;100;2;0,25;0,9986;0,99857;0,92542;0,92431
"233";0,95;20;100;3;10;0,41585;0,41153;0,81989;0,82417
"234";0,95;20;100;3;4;0,51401;0,50764;0,81821;0,84039
"235";0,95;20;100;3;2;0,6907;0,68537;0,8145;0,88182
"236";0,95;20;100;3;1;0,83157;0,82845;0,80696;0,92016
"237";0,95;20;100;3;0,1;0,99996;0,99995;0,93716;0,93597
"238";0,95;20;100;3;0,5;0,94763;0,94622;0,8424;0,90087
"239";0,95;20;100;3;0,25;0,9953;0,99511;0,90168;0,89999
"240";0,95;20;100;4;10;0,40778;0,40352;0,81066;0,81492
"241";0,95;20;100;4;4;0,50107;0,49424;0,80844;0,83299
"242";0,95;20;100;4;2;0,67046;0,66403;0,8046;0,87541
"243";0,95;20;100;4;1;0,79378;0,78963;0,79253;0,91648
"244";0,95;20;100;4;0,1;0,9998;0,99978;0,92766;0,92521
"245";0,95;20;100;4;0,5;0,91345;0,91158;0,81298;0,88887
"246";0,95;20;100;4;0,25;0,98692;0,98658;0,87327;0,86937
"247";0,95;20;20;0;10;0,94766;0,94766;0,95424;0,95424
"248";0,95;20;20;0;4;0,94865;0,94865;0,95385;0,95385
"249";0,95;20;20;0;2;0,95034;0,95034;0,95266;0,95266
"250";0,95;20;20;0;1;0,95335;0,95335;0,9539;0,9539
"251";0,95;20;20;0;0,1;0,94688;0,94688;0,9541;0,9541
"252";0,95;20;20;0;0,5;0,95129;0,95129;0,95372;0,95372
"253";0,95;20;20;0;0,25;0,94667;0,94667;0,95172;0,95172
"254";0,95;20;20;1;10;0,84445;0,83869;0,89145;0,89145
"255";0,95;20;20;1;4;0,86301;0,85738;0,89438;0,89438
"256";0,95;20;20;1;2;0,89633;0,89222;0,90717;0,90717
"257";0,95;20;20;1;1;0,92296;0,92095;0,92512;0,92512
"258";0,95;20;20;1;0,1;0,94565;0,94542;0,95273;0,95273
"259";0,95;20;20;1;0,5;0,9331;0,93201;0,93739;0,93739
"260";0,95;20;20;1;0,25;0,94052;0,93998;0,94758;0,94758
"261";0,95;20;20;2;4;0,76423;0,75359;0,83833;0,83833
"262";0,95;20;20;2;2;0,81918;0,80941;0,85029;0,85029
"263";0,95;20;20;2;1;0,87544;0,8694;0,88186;0,88186
"264";0,95;20;20;2;0,1;0,94141;0,94095;0,94995;0,94995
"265";0,95;20;20;2;0,5;0,89575;0,89125;0,90676;0,90676
"266";0,95;20;20;2;0,25;0,92156;0,91967;0,93392;0,93392
"267";0,95;20;20;3;10;0,68596;0,67231;0,8184;0,8184
"268";0,95;20;20;3;4;0,71408;0,69972;0,81436;0,81436
"269";0,95;20;20;3;2;0,77659;0,76241;0,82036;0,82036
"270";0,95;20;20;3;1;0,83664;0,82725;0,84704;0,84704
"271";0,95;20;20;3;0,1;0,93419;0,93319;0,9448;0,9448
"272";0,95;20;20;3;0,5;0,85456;0,84742;0,8752;0,8752
"273";0,95;20;20;3;0,25;0,89457;0,89096;0,91479;0,91479
"274";0,95;20;20;4;10;0,6656;0,65027;0,81112;0,81112
"275";0,95;20;20;4;4;0,6885;0,67299;0,8047;0,8047
"276";0,95;20;20;4;2;0,75193;0,73655;0,80378;0,80378
"277";0,95;20;20;4;1;0,81453;0,80228;0,8281;0,8281
"278";0,95;20;20;4;0,1;0,92518;0,92359;0,93943;0,93943
"279";0,95;20;20;4;0,5;0,82344;0,81264;0,85376;0,85376
"280";0,95;20;20;4;0,25;0,86252;0,85711;0,89374;0,89374
"281";0,95;20;50;0;10;0,7737;0,7737;0,95311;0,95311
"282";0,95;20;50;0;4;0,80441;0,80441;0,95378;0,95378
"283";0,95;20;50;0;2;0,86998;0,86998;0,95304;0,95304
"284";0,95;20;50;0;1;0,95008;0,95008;0,952;0,952
"285";0,95;20;50;0;0,1;0,99764;0,99764;0,953;0,953
"286";0,95;20;50;0;0,5;0,98873;0,98873;0,95169;0,95169
"287";0,95;20;50;0;0,25;0,99611;0,99611;0,95187;0,95187
"288";0,95;20;50;1;10;0,65879;0,65516;0,89347;0,89497
"289";0,95;20;50;1;4;0,71329;0,70969;0,8931;0,90118
"290";0,95;20;50;1;2;0,81862;0,81619;0,89698;0,91498
"291";0,95;20;50;1;1;0,92241;0,92175;0,91376;0,92814
"292";0,95;20;50;1;0,1;0,99786;0,99788;0,9513;0,95124
"293";0,95;20;50;1;0,5;0,97955;0,9791;0,93591;0,93613
"294";0,95;20;50;1;0,25;0,99453;0,99444;0,94417;0,94279
"295";0,95;20;50;2;10;0,5661;0,55978;0,84098;0,8435
"296";0,95;20;50;2;4;0,62625;0,6189;0,83726;0,85178
"297";0,95;20;50;2;2;0,75266;0,74631;0,83839;0,87397
"298";0,95;20;50;2;1;0,86878;0,86539;0,85653;0,89388
"299";0,95;20;50;2;0,1;0,99672;0,99666;0,94746;0,94716
"300";0,95;20;50;2;0,5;0,95183;0,95001;0,90276;0,90261
"301";0,95;20;50;2;0,25;0,98786;0,98731;0,92794;0,92453
"302";0,95;20;50;3;10;0,53082;0,52282;0,81829;0,82127
"303";0,95;20;50;3;4;0,59094;0,58192;0,81698;0,83306
"304";0,95;20;50;3;2;0,71736;0,70895;0,81148;0,85511
"305";0,95;20;50;3;1;0,82561;0,81966;0,82074;0,87214
"306";0,95;20;50;3;0,1;0,99527;0,99513;0,93951;0,93901
"307";0,95;20;50;3;0,5;0,90714;0,90421;0,86251;0,86389
"308";0,95;20;50;3;0,25;0,97435;0,97316;0,90604;0,89917
"309";0,95;20;50;4;10;0,51621;0,50709;0,81338;0,81632
"310";0,95;20;50;4;4;0,57299;0,56343;0,8065;0,82283
"311";0,95;20;50;4;2;0,69412;0,68442;0,79915;0,8463
"312";0,95;20;50;4;1;0,79388;0,78614;0,7993;0,85776
"313";0,95;20;50;4;0,1;0,99305;0,99281;0,92987;0,92905
"314";0,95;20;50;4;0,5;0,86933;0,86492;0,83641;0,83882
"315";0,95;20;50;4;0,25;0,95367;0,95166;0,88129;0,87144
